1761374520694 0.49977385997772217 0
1761374523060 0.5038444399833679 1
1761374525162 0.5065581202507019 2
1761374527619 0.5092718005180359 3
1761374529707 0.5056535601615906 4
1761374531864 0.5183175206184387 5
1761374534597 0.5237449407577515 6
1761374536911 0.5513342618942261 7
1761374538992 0.556761622428894 8
1761374541105 0.5703301429748535 9
1761374543212 0.5961103439331055 10
1761374545219 0.5943012237548828 11
1761374547337 0.6223428249359131 12
1761374549524 0.6399819254875183 13
1761374551729 0.6354590654373169 14
1761374553985 0.6512889862060547 15
1761374556174 0.6775214672088623 16
1761374558240 0.6625961065292358 17
1761374560385 0.6897331476211548 18
1761374562690 0.6806874871253967 19
1761374564882 0.7168701887130737 20
1761374567052 0.7118950486183167 21
1761374569056 0.7118950486183167 22
1761374571142 0.7118950486183167 23
1761374573282 0.7317955493927002 24
1761374575451 0.7431026697158813 25
1761374577511 0.7507914900779724 26
1761374579793 0.7661691308021545 27
1761374581892 0.7688828706741333 28
1761374584080 0.7838082313537598 29
1761374586242 0.7896879315376282 30
1761374588419 0.7919493317604065 31
1761374590578 0.8018996119499207 32
1761374592609 0.8145635724067688 33
1761374594809 0.8195386528968811 34
1761374596868 0.8245137929916382 35
1761374598914 0.8213478326797485 36
1761374600965 0.8249660730361938 37
1761374603139 0.8263229131698608 38
1761374605300 0.8412483334541321 39
1761374607284 0.8543645143508911 40
1761374609437 0.8588873744010925 41
1761374611429 0.8484848737716675 42
1761374613773 0.8421528935432434 43
1761374615889 0.8493894338607788 44
1761374617991 0.8715513348579407 45
1761374620096 0.8688376545906067 46
1761374622110 0.8774310350418091 47
1761374624221 0.8701944947242737 48
1761374626532 0.8900949954986572 49
1761374520694 0.49977385997772217 0
