1761374520694 1.0337762832641602 0
1761374523060 1.0234447717666626 1
1761374525162 1.011031150817871 2
1761374527619 1.0045485496520996 3
1761374529707 0.992626965045929 4
1761374531864 0.9713444709777832 5
1761374534597 0.9592157006263733 6
1761374536911 0.9306240677833557 7
1761374538992 0.9183231592178345 8
1761374541105 0.894040584564209 9
1761374543212 0.8587839603424072 10
1761374545219 0.8517590165138245 11
1761374547337 0.8220199346542358 12
1761374549524 0.8066504597663879 13
1761374551729 0.782690703868866 14
1761374553985 0.7650145888328552 15
1761374556174 0.7277311682701111 16
1761374558240 0.7561104893684387 17
1761374560385 0.7054004669189453 18
1761374562690 0.7108908295631409 19
1761374564882 0.6540175080299377 20
1761374567052 0.6517773270606995 21
1761374569056 0.6418832540512085 22
1761374571142 0.6380819082260132 23
1761374573282 0.6205064654350281 24
1761374575451 0.5924390554428101 25
1761374577511 0.5696488618850708 26
1761374579793 0.5455511808395386 27
1761374581892 0.5357475280761719 28
1761374584080 0.49908411502838135 29
1761374586242 0.48385635018348694 30
1761374588419 0.4813905954360962 31
1761374590578 0.4540870785713196 32
1761374592609 0.44706225395202637 33
1761374594809 0.43476635217666626 34
1761374596868 0.40946435928344727 35
1761374598914 0.42244455218315125 36
1761374600965 0.41276639699935913 37
1761374603139 0.3977048099040985 38
1761374605300 0.36735135316848755 39
1761374607284 0.3486210107803345 40
1761374609437 0.3341643512248993 41
1761374611429 0.3555060625076294 42
1761374613773 0.36670491099357605 43
1761374615889 0.339413046836853 44
1761374617991 0.3011253774166107 45
1761374620096 0.3138498365879059 46
1761374622110 0.29049769043922424 47
1761374624221 0.29646995663642883 48
1761374626532 0.2602158784866333 49
1761374520694 1.0337762832641602 0
