1761243526559 0.6090258955955505 0
1761243526788 0.6215370893478394 1
1761243527017 0.6733690500259399 2
1761243527264 0.6988382339477539 3
1761243527505 0.7019660472869873 4
1761243527709 0.7158176898956299 5
1761243527918 0.7064343094825745 6
1761243528134 0.7220732569694519 7
1761243528339 0.7327971458435059 8
1761243528543 0.7417336702346802 9
1761243528769 0.7260947227478027 10
1761243528972 0.7260947227478027 11
1761243529173 0.7417336702346802 12
1761243529381 0.7502233982086182 13
1761243529578 0.7408400177955627 14
1761243529804 0.7341375946998596 15
1761243530014 0.7488829493522644 16
1761243530215 0.745755136013031 17
1761243530424 0.7493297457695007 18
1761243530625 0.747989296913147 19
1761243530836 0.7515639066696167 20
1761243531040 0.7546916604042053 21
1761243531235 0.7560321688652039 22
1761243531431 0.7582663297653198 23
1761243531629 0.7622877359390259 24
1761243531829 0.7529043555259705 25
1761243532032 0.756479024887085 26
1761243532237 0.760500431060791 27
1761243532443 0.7582663297653198 28
1761243532668 0.7676497101783752 29
1761243532897 0.7582663297653198 30
1761243533098 0.7730116248130798 31
1761243533304 0.7649686932563782 32
1761243533510 0.7640750408172607 33
1761243533729 0.7747989296913147 34
1761243533935 0.771224319934845 35
1761243534137 0.7734584212303162 36
1761243534338 0.7747989296913147 37
1761243534534 0.760500431060791 38
1761243534728 0.7810544967651367 39
1761243534925 0.7703306674957275 40
1761243535120 0.777479887008667 41
1761243535350 0.768990159034729 42
1761243535554 0.7747989296913147 43
1761243535757 0.7761394381523132 44
1761243535966 0.7823950052261353 45
1761243536189 0.7832886576652527 46
1761243536417 0.7877569198608398 47
1761243536633 0.7725647687911987 48
1761243536828 0.7832886576652527 49
1761243526559 0.6090258955955505 0
