1761243526559 0.9363654851913452 0
1761243526788 0.7898179292678833 1
1761243527017 0.7336094379425049 2
1761243527264 0.6691481471061707 3
1761243527505 0.6615266799926758 4
1761243527709 0.6295484304428101 5
1761243527918 0.6373887062072754 6
1761243528134 0.6209884881973267 7
1761243528339 0.5995839238166809 8
1761243528543 0.5942080616950989 9
1761243528769 0.5932893753051758 10
1761243528972 0.6039372682571411 11
1761243529173 0.5767378807067871 12
1761243529381 0.5859543085098267 13
1761243529578 0.5694712996482849 14
1761243529804 0.5769394040107727 15
1761243530014 0.5592021942138672 16
1761243530215 0.5586012005805969 17
1761243530424 0.5555144548416138 18
1761243530625 0.5649193525314331 19
1761243530836 0.5607863068580627 20
1761243531040 0.5478379726409912 21
1761243531235 0.5396491289138794 22
1761243531431 0.539231538772583 23
1761243531629 0.5359603762626648 24
1761243531829 0.5450050830841064 25
1761243532032 0.5276612639427185 26
1761243532237 0.5282168984413147 27
1761243532443 0.5193900465965271 28
1761243532668 0.5184894800186157 29
1761243532897 0.540309727191925 30
1761243533098 0.5175071358680725 31
1761243533304 0.5298670530319214 32
1761243533510 0.5205011963844299 33
1761243533729 0.5160440802574158 34
1761243533935 0.5099734663963318 35
1761243534137 0.513326108455658 36
1761243534338 0.5038540363311768 37
1761243534534 0.5188055634498596 38
1761243534728 0.5043036341667175 39
1761243534925 0.5100916624069214 40
1761243535120 0.49664220213890076 41
1761243535350 0.5096539855003357 42
1761243535554 0.5034298300743103 43
1761243535757 0.499429851770401 44
1761243535966 0.4883279502391815 45
1761243536189 0.486449271440506 46
1761243536417 0.4954944849014282 47
1761243536633 0.4990130662918091 48
1761243536828 0.48828691244125366 49
1761243526559 0.9363654851913452 0
