1761373159817 0.4405246376991272 0
1761373161639 0.46494799852371216 1
1761373163142 0.4595205783843994 2
1761373164679 0.4654002785682678 3
1761373166160 0.4907281696796417 4
1761373167841 0.483943909406662 5
1761373169168 0.5020352602005005 6
1761373170571 0.5169606804847717 7
1761373172117 0.5110809803009033 8
1761373173766 0.5296245813369751 9
1761373175259 0.5359565615653992 10
1761373176638 0.5400271415710449 11
1761373178025 0.5608322024345398 12
1761373179541 0.5662596225738525 13
1761373181012 0.5857078433036804 14
1761373182543 0.5739484429359436 15
1761373184133 0.5924921035766602 16
1761373185501 0.6015377640724182 17
1761373187107 0.6196291446685791 18
1761373188710 0.6426956057548523 19
1761373190388 0.6381727457046509 20
1761373191865 0.6463139057159424 21
1761373193335 0.6630483865737915 22
1761373194729 0.6612392663955688 23
1761373196275 0.6838534474372864 24
1761373197730 0.6906377077102661 25
1761373199063 0.7001357078552246 26
1761373200539 0.7137042284011841 27
1761373201991 0.7236544489860535 28
1761373203718 0.7195838689804077 29
1761373205243 0.7431026697158813 30
1761373206965 0.7471732497215271 31
1761373208409 0.7684305906295776 32
1761373209879 0.767978310585022 33
1761373211450 0.7738580107688904 34
1761373213939 0.7856173515319824 35
1761373215438 0.809136152267456 36
1761373216929 0.7978290319442749 37
1761373218329 0.8086838722229004 38
1761373219777 0.8100407123565674 39
1761373221251 0.8190863728523254 40
1761373222880 0.8462234139442444 41
1761373224389 0.8367254734039307 42
1761373225867 0.836273193359375 43
1761373227382 0.8507462739944458 44
1761373229066 0.8548168540000916 45
1761373230460 0.8489371538162231 46
1761373231969 0.8570782542228699 47
1761373233396 0.8489371538162231 48
1761373234964 0.8783355951309204 49
1761373159817 0.4405246376991272 0
