1761373159817 1.0662527084350586 0
1761373161639 1.0462560653686523 1
1761373163142 1.0373377799987793 2
1761373164679 1.02921462059021 3
1761373166160 1.0075832605361938 4
1761373167841 0.9929684996604919 5
1761373169168 0.9858012199401855 6
1761373170571 0.9714044332504272 7
1761373172117 0.9735528826713562 8
1761373173766 0.9520611763000488 9
1761373175259 0.9489368200302124 10
1761373176638 0.9313347339630127 11
1761373178025 0.9191230535507202 12
1761373179541 0.9063566327095032 13
1761373181012 0.8851522207260132 14
1761373182543 0.8861293792724609 15
1761373184133 0.868863582611084 16
1761373185501 0.8307675123214722 17
1761373187107 0.818923830986023 18
1761373188710 0.7899409532546997 19
1761373190388 0.7998870015144348 20
1761373191865 0.7718321084976196 21
1761373193335 0.733589768409729 22
1761373194729 0.7464498281478882 23
1761373196275 0.6944366097450256 24
1761373197730 0.6942864060401917 25
1761373199063 0.6760759353637695 26
1761373200539 0.6324766278266907 27
1761373201991 0.6235989332199097 28
1761373203718 0.6323345899581909 29
1761373205243 0.594521164894104 30
1761373206965 0.5657212138175964 31
1761373208409 0.5397019386291504 32
1761373209879 0.5328605771064758 33
1761373211450 0.5055534243583679 34
1761373213939 0.5045638084411621 35
1761373215438 0.4622059762477875 36
1761373216929 0.4660314917564392 37
1761373218329 0.4515635371208191 38
1761373219777 0.4254929721355438 39
1761373221251 0.4258773624897003 40
1761373222880 0.3705834746360779 41
1761373224389 0.3658936023712158 42
1761373225867 0.38233375549316406 43
1761373227382 0.3502217233181 44
1761373229066 0.33049869537353516 45
1761373230460 0.34939509630203247 46
1761373231969 0.32240551710128784 47
1761373233396 0.3322508633136749 48
1761373234964 0.28249362111091614 49
1761373159817 1.0662527084350586 0
