1761374815670 0.5065581202507019 0
1761374816450 0.5201266407966614 1
1761374817141 0.5305292010307312 2
1761374817774 0.5350520014762878 3
1761374818461 0.5513342618942261 4
1761374819178 0.5535956621170044 5
1761374820398 0.5653550624847412 6
1761374820979 0.5807327032089233 7
1761374821631 0.5793758630752563 8
1761374822219 0.6087743043899536 9
1761374822869 0.6191768646240234 10
1761374823450 0.6350067853927612 11
1761374824031 0.6576209664344788 12
1761374824616 0.6716417670249939 13
1761374825267 0.6865671873092651 14
1761374825839 0.7250112891197205 15
1761374826640 0.7349615693092346 16
1761374827220 0.7467209696769714 17
1761374827790 0.7792853713035583 18
1761374828379 0.7865219116210938 19
1761374829065 0.8127543926239014 20
1761374829702 0.8141112327575684 21
1761374830286 0.8177295327186584 22
1761374830928 0.8371777534484863 23
1761374831491 0.8426051735877991 24
1761374832070 0.8430574536323547 25
1761374832627 0.8579828143119812 26
1761374833262 0.8312980532646179 27
1761374833847 0.8579828143119812 28
1761374834430 0.8625056743621826 29
1761374835022 0.8561736941337585 30
1761374835609 0.8606964945793152 31
1761374836192 0.8679330348968506 32
1761374836763 0.8665761947631836 33
1761374837357 0.8638625144958496 34
1761374837916 0.896879255771637 35
1761374838498 0.8511985540390015 36
1761374839158 0.8919041156768799 37
1761374839878 0.8882858157157898 38
1761374840469 0.899592936038971 39
1761374841038 0.8964269757270813 40
1761374841617 0.896879255771637 41
1761374842206 0.8909995555877686 42
1761374842790 0.8950700759887695 43
1761374843353 0.8914518356323242 44
1761374843943 0.9068294763565063 45
1761374844524 0.9036635160446167 46
1761374845109 0.9000452160835266 47
1761374845691 0.9090909361839294 48
1761374846257 0.9213025569915771 49
1761374815670 0.5065581202507019 0
