1761374815670 1.015046238899231 0
1761374816450 0.9972107410430908 1
1761374817141 0.9770752787590027 2
1761374817774 0.9596309065818787 3
1761374818461 0.9383418560028076 4
1761374819178 0.9201398491859436 5
1761374820398 0.900831401348114 6
1761374820979 0.8827471137046814 7
1761374821631 0.8708288669586182 8
1761374822219 0.8384349942207336 9
1761374822869 0.8094688653945923 10
1761374823450 0.7845751643180847 11
1761374824031 0.7594761848449707 12
1761374824616 0.7328482866287231 13
1761374825267 0.7062095403671265 14
1761374825839 0.6573283076286316 15
1761374826640 0.6338186264038086 16
1761374827220 0.6059585809707642 17
1761374827790 0.5723181962966919 18
1761374828379 0.5505306124687195 19
1761374829065 0.5148590207099915 20
1761374829702 0.484515905380249 21
1761374830286 0.4799629747867584 22
1761374830928 0.45309850573539734 23
1761374831491 0.43625587224960327 24
1761374832070 0.4158979654312134 25
1761374832627 0.40020856261253357 26
1761374833262 0.4165093004703522 27
1761374833847 0.3846913278102875 28
1761374834430 0.37401822209358215 29
1761374835022 0.37390899658203125 30
1761374835609 0.3770255744457245 31
1761374836192 0.3522680401802063 32
1761374836763 0.3461904227733612 33
1761374837357 0.3493051528930664 34
1761374837916 0.3063567280769348 35
1761374838498 0.3656633198261261 36
1761374839158 0.29710060358047485 37
1761374839878 0.30380070209503174 38
1761374840469 0.2903675138950348 39
1761374841038 0.2888743281364441 40
1761374841617 0.2848111689090729 41
1761374842206 0.2953343391418457 42
1761374842790 0.2744370996952057 43
1761374843353 0.27401983737945557 44
1761374843943 0.2714540660381317 45
1761374844524 0.25812292098999023 46
1761374845109 0.2670716345310211 47
1761374845691 0.2582630217075348 48
1761374846257 0.22919562458992004 49
1761374815670 1.015046238899231 0
