1761374738947 0.4907281696796417 0
1761374739969 0.5187698006629944 1
1761374741005 0.5296245813369751 2
1761374742133 0.5359565615653992 3
1761374743234 0.5576662421226501 4
1761374744438 0.5581185221672058 5
1761374745571 0.5820895433425903 6
1761374746660 0.6209859848022461 7
1761374747867 0.6594301462173462 8
1761374748795 0.6919945478439331 9
1761374749573 0.6793306469917297 10
1761374750531 0.7195838689804077 11
1761374751863 0.7471732497215271 12
1761374753006 0.735866129398346 13
1761374754156 0.7738580107688904 14
1761374755241 0.8046132922172546 15
1761374756506 0.7643600106239319 16
1761374757660 0.7964721918106079 17
1761374758637 0.8227046728134155 18
1761374759646 0.8236092329025269 19
1761374760658 0.8263229131698608 20
1761374761734 0.8272274732589722 21
1761374762809 0.8407959938049316 22
1761374764009 0.8000904321670532 23
1761374765174 0.8371777534484863 24
1761374766293 0.8801447153091431 25
1761374767360 0.869742214679718 26
1761374768276 0.8511985540390015 27
1761374769300 0.8186340928077698 28
1761374770192 0.8774310350418091 29
1761374771111 0.862053394317627 30
1761374772036 0.8796924352645874 31
1761374772960 0.8236092329025269 32
1761374773879 0.8530076742172241 33
1761374774885 0.8530076742172241 34
1761374776020 0.8833107352256775 35
1761374777187 0.8882858157157898 36
1761374778335 0.9009497761726379 37
1761374779295 0.8801447153091431 38
1761374780217 0.8909995555877686 39
1761374781192 0.908638596534729 40
1761374782321 0.8842152953147888 41
1761374783296 0.8973315358161926 42
1761374784484 0.9194934368133545 43
1761374785878 0.8851198554039001 44
1761374787144 0.9136137366294861 45
1761374788315 0.8946177959442139 46
1761374789416 0.8991406559944153 47
1761374790554 0.904568076133728 48
1761374791669 0.908638596534729 49
1761374738947 0.4907281696796417 0
