1761374738947 1.0348180532455444 0
1761374739969 0.9927449226379395 1
1761374741005 0.9750291705131531 2
1761374742133 0.9578796029090881 3
1761374743234 0.9198078513145447 4
1761374744438 0.9212191700935364 5
1761374745571 0.8607555031776428 6
1761374746660 0.808663547039032 7
1761374747867 0.7625142931938171 8
1761374748795 0.6930292248725891 9
1761374749573 0.7097772359848022 10
1761374750531 0.6336180567741394 11
1761374751863 0.581132173538208 12
1761374753006 0.6313707232475281 13
1761374754156 0.5204088091850281 14
1761374755241 0.49078500270843506 15
1761374756506 0.5538990497589111 16
1761374757660 0.4705089032649994 17
1761374758637 0.4210206866264343 18
1761374759646 0.4380982518196106 19
1761374760658 0.4248580038547516 20
1761374761734 0.3992196023464203 21
1761374762809 0.3840101361274719 22
1761374764009 0.4509851932525635 23
1761374765174 0.3886450231075287 24
1761374766293 0.3131513297557831 25
1761374767360 0.3175366222858429 26
1761374768276 0.36136993765830994 27
1761374769300 0.4244801700115204 28
1761374770192 0.3045569956302643 29
1761374771111 0.33159002661705017 30
1761374772036 0.305268794298172 31
1761374772960 0.39377468824386597 32
1761374773879 0.35723599791526794 33
1761374774885 0.33397549390792847 34
1761374776020 0.2891642153263092 35
1761374777187 0.27331164479255676 36
1761374778335 0.2578448951244354 37
1761374779295 0.2911362946033478 38
1761374780217 0.2688392698764801 39
1761374781192 0.24179194867610931 40
1761374782321 0.2814383804798126 41
1761374783296 0.25732532143592834 42
1761374784484 0.20765554904937744 43
1761374785878 0.277372270822525 44
1761374787144 0.2220742255449295 45
1761374788315 0.24812866747379303 46
1761374789416 0.2466879040002823 47
1761374790554 0.24196980893611908 48
1761374791669 0.2262883186340332 49
1761374738947 1.0348180532455444 0
