1761376555177 0.49163275957107544 0
1761376555639 0.5341474413871765 1
1761376556116 0.5621890425682068 2
1761376556548 0.5649027824401855 3
1761376556988 0.6047037243843079 4
1761376557510 0.6209859848022461 5
1761376557991 0.6472184658050537 6
1761376558397 0.6734509468078613 7
1761376558823 0.6919945478439331 8
1761376559238 0.6942560076713562 9
1761376559663 0.7281773090362549 10
1761376560092 0.7069199681282043 11
1761376560512 0.7539575099945068 12
1761376560934 0.7372229695320129 13
1761376561386 0.7173224687576294 14
1761376561841 0.74219810962677 15
1761376562270 0.7752148509025574 16
1761376562678 0.7557666301727295 17
1761376563091 0.7964721918106079 18
1761376563521 0.7874265313148499 19
1761376563967 0.8186340928077698 20
1761376564387 0.7901402115821838 21
1761376564806 0.7969244718551636 22
1761376565235 0.7697874307632446 23
1761376565664 0.8023518919944763 24
1761376566088 0.7747625708580017 25
1761376566547 0.8227046728134155 26
1761376566975 0.8037087321281433 27
1761376567392 0.8367254734039307 28
1761376567817 0.8082315921783447 29
1761376568260 0.8466756939888 30
1761376568751 0.8557214140892029 31
1761376569198 0.8240615129470825 32
1761376569617 0.8145635724067688 33
1761376570053 0.778380811214447 34
1761376570486 0.8412483334541321 35
1761376570940 0.8751696348190308 36
1761376571362 0.8679330348968506 37
1761376571785 0.8484848737716675 38
1761376572206 0.8407959938049316 39
1761376572714 0.8380823135375977 40
1761376573154 0.8204432129859924 41
1761376573580 0.8322026133537292 42
1761376574013 0.7788330912590027 43
1761376574441 0.8616011142730713 44
1761376574861 0.8796924352645874 45
1761376575340 0.8625056743621826 46
1761376575783 0.8407959938049316 47
1761376576235 0.8692899346351624 48
1761376576701 0.8638625144958496 49
1761376555177 0.49163275957107544 0
