1761376555177 1.0142512321472168 0
1761376555639 0.9697150588035583 1
1761376556116 0.9488848447799683 2
1761376556548 0.9399258494377136 3
1761376556988 0.8973838686943054 4
1761376557510 0.874672532081604 5
1761376557991 0.8365769386291504 6
1761376558397 0.7905202507972717 7
1761376558823 0.7536720633506775 8
1761376559238 0.7311221361160278 9
1761376559663 0.6645221710205078 10
1761376560092 0.7078123092651367 11
1761376560512 0.6008408665657043 12
1761376560934 0.5940390825271606 13
1761376561386 0.6737431287765503 14
1761376561841 0.6257944703102112 15
1761376562270 0.5348319411277771 16
1761376562678 0.5668001770973206 17
1761376563091 0.48381495475769043 18
1761376563521 0.499927282333374 19
1761376563967 0.4424329400062561 20
1761376564387 0.501162052154541 21
1761376564806 0.47840210795402527 22
1761376565235 0.5309466123580933 23
1761376565664 0.46832266449928284 24
1761376566088 0.5106167793273926 25
1761376566547 0.4198361933231354 26
1761376566975 0.48947441577911377 27
1761376567392 0.3932013511657715 28
1761376567817 0.4380703568458557 29
1761376568260 0.3767402470111847 30
1761376568751 0.3556119203567505 31
1761376569198 0.4058568775653839 32
1761376569617 0.446208119392395 33
1761376570053 0.5434833765029907 34
1761376570486 0.38097816705703735 35
1761376570940 0.3164432644844055 36
1761376571362 0.32846441864967346 37
1761376571785 0.35255613923072815 38
1761376572206 0.35915353894233704 39
1761376572714 0.37397173047065735 40
1761376573154 0.4229756295681 41
1761376573580 0.3845182955265045 42
1761376574013 0.5303831100463867 43
1761376574441 0.3496484160423279 44
1761376574861 0.30347687005996704 45
1761376575340 0.3295614719390869 46
1761376575783 0.3671591877937317 47
1761376576235 0.31598329544067383 48
1761376576701 0.3127557635307312 49
1761376555177 1.0142512321472168 0
