1761376587781 0.4717322587966919 0
1761376588200 0.5237449407577515 1
1761376588639 0.5481682419776917 2
1761376589049 0.5748530030250549 3
1761376589455 0.5848032832145691 4
1761376589876 0.6291270852088928 5
1761376590265 0.6236996650695801 6
1761376590679 0.6436001658439636 7
1761376591089 0.6540027260780334 8
1761376591470 0.6960651278495789 9
1761376591851 0.711442768573761 10
1761376592221 0.719131588935852 11
1761376592587 0.7521483302116394 12
1761376592960 0.7109904885292053 13
1761376593347 0.7313432693481445 14
1761376593731 0.7752148509025574 15
1761376594127 0.7227498888969421 16
1761376594511 0.7381275296211243 17
1761376594899 0.8005427122116089 18
1761376595299 0.7928538918495178 19
1761376595723 0.8000904321670532 20
1761376596102 0.7996381521224976 21
1761376596477 0.77702397108078 22
1761376596845 0.8227046728134155 23
1761376597219 0.8050655722618103 24
1761376597600 0.8123021125793457 25
1761376597995 0.8276797533035278 26
1761376598386 0.7960199117660522 27
1761376598770 0.8050655722618103 28
1761376599157 0.810492992401123 29
1761376599540 0.8227046728134155 30
1761376599920 0.8417006134986877 31
1761376600285 0.8516508340835571 32
1761376600653 0.8606964945793152 33
1761376601039 0.8665761947631836 34
1761376601422 0.8308457732200623 35
1761376601788 0.8412483334541321 36
1761376602158 0.8525553941726685 37
1761376602550 0.8475802540779114 38
1761376602926 0.8484848737716675 39
1761376603316 0.8747172951698303 40
1761376603711 0.868385374546051 41
1761376604077 0.8566259741783142 42
1761376604463 0.8511985540390015 43
1761376604849 0.8625056743621826 44
1761376605233 0.8792401552200317 45
1761376605622 0.8851198554039001 46
1761376606001 0.8652193546295166 47
1761376606382 0.8371777534484863 48
1761376606759 0.8720036149024963 49
1761376587781 0.4717322587966919 0
