1761376587781 1.0199623107910156 0
1761376588200 0.9912224411964417 1
1761376588639 0.9643869400024414 2
1761376589049 0.9444988369941711 3
1761376589455 0.9248294234275818 4
1761376589876 0.8743717670440674 5
1761376590265 0.8565551042556763 6
1761376590679 0.8351994752883911 7
1761376591089 0.8050716519355774 8
1761376591470 0.745594322681427 9
1761376591851 0.7045081853866577 10
1761376592221 0.6768331527709961 11
1761376592587 0.61250239610672 12
1761376592960 0.6791625618934631 13
1761376593347 0.6368094086647034 14
1761376593731 0.5381430387496948 15
1761376594127 0.6240614056587219 16
1761376594511 0.6152632236480713 17
1761376594899 0.49750062823295593 18
1761376595299 0.49249252676963806 19
1761376595723 0.47539353370666504 20
1761376596102 0.485278844833374 21
1761376596477 0.5073207020759583 22
1761376596845 0.42553946375846863 23
1761376597219 0.4534218907356262 24
1761376597600 0.4377647638320923 25
1761376597995 0.408441960811615 26
1761376598386 0.46732452511787415 27
1761376598770 0.4620803892612457 28
1761376599157 0.43487462401390076 29
1761376599540 0.4163171648979187 30
1761376599920 0.3758313059806824 31
1761376600285 0.35562747716903687 32
1761376600653 0.34714511036872864 33
1761376601039 0.347586989402771 34
1761376601422 0.38625597953796387 35
1761376601788 0.3815141022205353 36
1761376602158 0.3453960716724396 37
1761376602550 0.35887086391448975 38
1761376602926 0.3432754874229431 39
1761376603316 0.31668293476104736 40
1761376603711 0.3193185329437256 41
1761376604077 0.3376821279525757 42
1761376604463 0.3603053689002991 43
1761376604849 0.32036417722702026 44
1761376605233 0.2968606650829315 45
1761376605622 0.28760606050491333 46
1761376606001 0.3178766369819641 47
1761376606382 0.38460466265678406 48
1761376606759 0.3116035461425781 49
1761376587781 1.0199623107910156 0
