1761243545133 0.5603216886520386 0
1761243545361 0.6085790991783142 1
1761243545568 0.6143878698348999 2
1761243545790 0.6523681879043579 3
1761243546011 0.6840929388999939 4
1761243546237 0.6997318863868713 5
1761243546440 0.7091152667999268 6
1761243546644 0.7180518507957458 7
1761243546847 0.724754273891449 8
1761243547068 0.728775680065155 9
1761243547288 0.7359249591827393 10
1761243547492 0.7421805262565613 11
1761243547715 0.7515639066696167 12
1761243547957 0.739499568939209 13
1761243548158 0.7439678311347961 14
1761243548382 0.7327971458435059 15
1761243548585 0.7430741786956787 16
1761243548801 0.7511170506477356 17
1761243548996 0.7537980079650879 18
1761243549188 0.760500431060791 19
1761243549388 0.7497766017913818 20
1761243549589 0.7493297457695007 21
1761243549787 0.7515639066696167 22
1761243549988 0.7596067786216736 23
1761243550192 0.7573726773262024 24
1761243550394 0.7609472870826721 25
1761243550595 0.7649686932563782 26
1761243550796 0.7596067786216736 27
1761243550997 0.7622877359390259 28
1761243551233 0.7609472870826721 29
1761243551454 0.7680965065956116 30
1761243551669 0.771224319934845 31
1761243551862 0.7645218968391418 32
1761243552054 0.7716711163520813 33
1761243552247 0.7707774639129639 34
1761243552442 0.777479887008667 35
1761243552636 0.7631813883781433 36
1761243552830 0.768990159034729 37
1761243553046 0.7734584212303162 38
1761243553238 0.7721179723739624 39
1761243553484 0.777479887008667 40
1761243553715 0.7725647687911987 41
1761243553971 0.7806077003479004 42
1761243554192 0.7761394381523132 43
1761243554421 0.7743520736694336 44
1761243554623 0.7765862345695496 45
1761243554826 0.771224319934845 46
1761243555023 0.7703306674957275 47
1761243555221 0.7819481492042542 48
1761243555417 0.777479887008667 49
1761243545133 0.5603216886520386 0
