1761243545133 0.9712422490119934 0
1761243545361 0.9000042676925659 1
1761243545568 0.8239433169364929 2
1761243545790 0.728255033493042 3
1761243546011 0.6829819679260254 4
1761243546237 0.6614081859588623 5
1761243546440 0.6451167464256287 6
1761243546644 0.6292867064476013 7
1761243546847 0.6154798269271851 8
1761243547068 0.6064141392707825 9
1761243547288 0.5998101234436035 10
1761243547492 0.5906568169593811 11
1761243547715 0.5838394165039062 12
1761243547957 0.5840339064598083 13
1761243548158 0.5795051455497742 14
1761243548382 0.5851674675941467 15
1761243548585 0.5719060301780701 16
1761243548801 0.5691154599189758 17
1761243548996 0.5674096941947937 18
1761243549188 0.5608513951301575 19
1761243549388 0.5600938200950623 20
1761243549589 0.5572397112846375 21
1761243549787 0.554436445236206 22
1761243549988 0.5502254366874695 23
1761243550192 0.5530135035514832 24
1761243550394 0.544464111328125 25
1761243550595 0.5421313047409058 26
1761243550796 0.5491014719009399 27
1761243550997 0.5437082052230835 28
1761243551233 0.5399137139320374 29
1761243551454 0.5349363088607788 30
1761243551669 0.5335972905158997 31
1761243551862 0.5316224098205566 32
1761243552054 0.5328693389892578 33
1761243552247 0.5339837670326233 34
1761243552442 0.5294330716133118 35
1761243552636 0.5283219218254089 36
1761243552830 0.5241749286651611 37
1761243553046 0.5209149122238159 38
1761243553238 0.5260377526283264 39
1761243553484 0.5242545008659363 40
1761243553715 0.5182196497917175 41
1761243553971 0.5129966139793396 42
1761243554192 0.5129762291908264 43
1761243554421 0.5155231952667236 44
1761243554623 0.512449324131012 45
1761243554826 0.5127984285354614 46
1761243555023 0.5119727849960327 47
1761243555221 0.5055100321769714 48
1761243555417 0.5031342506408691 49
1761243545133 0.9712422490119934 0
