1761375867833 0.36996835470199585 0
1761375868586 0.4210764467716217 1
1761375869630 0.42288556694984436 2
1761375870454 0.4378109574317932 3
1761375871295 0.452284038066864 4
1761375872043 0.4595205783843994 5
1761375872935 0.4644956886768341 6
1761375873875 0.4767073690891266 7
1761375874688 0.5024875402450562 8
1761375875754 0.5269109010696411 9
1761375876355 0.5404794216156006 10
1761375877269 0.5639981627464294 11
1761375878354 0.582541823387146 12
1761375879204 0.6128448843955994 13
1761375879959 0.6386250853538513 14
1761375880422 0.6589778661727905 15
1761375881214 0.6874717473983765 16
1761375882164 0.6969696879386902 17
1761375883216 0.7005879878997803 18
1761375884202 0.712799608707428 19
1761375885125 0.7684305906295776 20
1761375886288 0.7661691308021545 21
1761375887391 0.7928538918495178 22
1761375888437 0.7887833714485168 23
1761375889490 0.7697874307632446 24
1761375890439 0.7969244718551636 25
1761375891304 0.8213478326797485 26
1761375892298 0.8322026133537292 27
1761375893171 0.8281320929527283 28
1761375894030 0.8322026133537292 29
1761375895019 0.8344640731811523 30
1761375896054 0.8557214140892029 31
1761375896979 0.8213478326797485 32
1761375897884 0.8511985540390015 33
1761375898776 0.8530076742172241 34
1761375899814 0.8661239147186279 35
1761375900872 0.8715513348579407 36
1761375901754 0.8896427154541016 37
1761375902824 0.872455894947052 38
1761375904050 0.862053394317627 39
1761375904980 0.8837630152702332 40
1761375905904 0.8701944947242737 41
1761375906840 0.9027589559555054 42
1761375907823 0.8810492753982544 43
1761375908834 0.8869289755821228 44
1761375909778 0.898236095905304 45
1761375910761 0.862053394317627 46
1761375911697 0.8923563957214355 47
1761375912522 0.8932609558105469 48
1761375913319 0.898236095905304 49
1761375867833 0.36996835470199585 0
