1761375867833 1.1128789186477661 0
1761375868586 1.0737224817276 1
1761375869630 1.0663999319076538 2
1761375870454 1.0564117431640625 3
1761375871295 1.0469776391983032 4
1761375872043 1.0304845571517944 5
1761375872935 1.019860029220581 6
1761375873875 1.0049407482147217 7
1761375874688 0.9874320030212402 8
1761375875754 0.9706922173500061 9
1761375876355 0.9368001818656921 10
1761375877269 0.9066128730773926 11
1761375878354 0.8824032545089722 12
1761375879204 0.8393955826759338 13
1761375879959 0.8067894577980042 14
1761375880422 0.7599085569381714 15
1761375881214 0.7308770418167114 16
1761375882164 0.6944165229797363 17
1761375883216 0.6688805818557739 18
1761375884202 0.6400269865989685 19
1761375885125 0.5870406627655029 20
1761375886288 0.5696901679039001 21
1761375887391 0.5420067310333252 22
1761375888437 0.5206018090248108 23
1761375889490 0.5462251901626587 24
1761375890439 0.48803937435150146 25
1761375891304 0.4659893810749054 26
1761375892298 0.4465227425098419 27
1761375893171 0.43427878618240356 28
1761375894030 0.4176442325115204 29
1761375895019 0.4045017659664154 30
1761375896054 0.3880511224269867 31
1761375896979 0.41335001587867737 32
1761375897884 0.3763570189476013 33
1761375898776 0.37035027146339417 34
1761375899814 0.34695395827293396 35
1761375900872 0.33736544847488403 36
1761375901754 0.31256985664367676 37
1761375902824 0.32153329253196716 38
1761375904050 0.33974355459213257 39
1761375904980 0.3020842969417572 40
1761375905904 0.32443666458129883 41
1761375906840 0.2831326425075531 42
1761375907823 0.30302727222442627 43
1761375908834 0.28270143270492554 44
1761375909778 0.27171242237091064 45
1761375910761 0.34046173095703125 46
1761375911697 0.266909122467041 47
1761375912522 0.2668960690498352 48
1761375913319 0.26842597126960754 49
1761375867833 1.1128789186477661 0
