1761376226535 0.447761207818985 0
1761376228438 0.4753505289554596 1
1761376229911 0.5124378204345703 2
1761376231465 0.5106287002563477 3
1761376233118 0.5382180213928223 4
1761376234876 0.5296245813369751 5
1761376236606 0.5395748615264893 6
1761376238288 0.5531433820724487 7
1761376240074 0.5581185221672058 8
1761376241798 0.5630936026573181 9
1761376243539 0.5689733028411865 10
1761376245262 0.5771144032478333 11
1761376247943 0.5667119026184082 12
1761376249691 0.5766621232032776 13
1761376251453 0.5933966636657715 14
1761376253367 0.5897783637046814 15
1761376255153 0.5861601233482361 16
1761376257060 0.608322024345398 17
1761376258796 0.6155585646629333 18
1761376260650 0.6182723045349121 19
1761376262477 0.6259611248970032 20
1761376264734 0.6359113454818726 21
1761376266713 0.6322931051254272 22
1761376268786 0.6458616256713867 23
1761376270733 0.6662144064903259 24
1761376272997 0.6526458859443665 25
1761376275122 0.6711894869804382 26
1761376277282 0.6616915464401245 27
1761376279256 0.6924468278884888 28
1761376281256 0.6992310881614685 29
1761376283443 0.7105382084846497 30
1761376285467 0.6901854276657104 31
1761376287281 0.7168701887130737 32
1761376289800 0.708729088306427 33
1761376291411 0.7363184094429016 34
1761376293049 0.743554949760437 35
1761376294959 0.7376752495765686 36
1761376296964 0.7471732497215271 37
1761376298941 0.7562189102172852 38
1761376301048 0.7526006102561951 39
1761376303251 0.7711442708969116 40
1761376305007 0.7806422710418701 41
1761376306882 0.775667130947113 42
1761376308965 0.7729533910751343 43
1761376311179 0.8005427122116089 44
1761376313286 0.8208954930305481 45
1761376315463 0.8046132922172546 46
1761376317517 0.8245137929916382 47
1761376319500 0.8312980532646179 48
1761376321519 0.8195386528968811 49
1761376226535 0.447761207818985 0
