1761376226535 1.034949541091919 0
1761376228438 1.0182461738586426 1
1761376229911 0.9952818155288696 2
1761376231465 0.9931507110595703 3
1761376233118 0.9698745012283325 4
1761376234876 0.968645453453064 5
1761376236606 0.9674075245857239 6
1761376238288 0.9463311433792114 7
1761376240074 0.9445542693138123 8
1761376241798 0.940254807472229 9
1761376243539 0.9280603528022766 10
1761376245262 0.9227903485298157 11
1761376247943 0.9239595532417297 12
1761376249691 0.9089526534080505 13
1761376251453 0.8909507989883423 14
1761376253367 0.894040584564209 15
1761376255153 0.8789573311805725 16
1761376257060 0.8662685751914978 17
1761376258796 0.8516508936882019 18
1761376260650 0.8519414067268372 19
1761376262477 0.8433778285980225 20
1761376264734 0.8229429125785828 21
1761376266713 0.8436478972434998 22
1761376268786 0.8208176493644714 23
1761376270733 0.7990293502807617 24
1761376272997 0.7812356352806091 25
1761376275122 0.7639859914779663 26
1761376277282 0.7671216130256653 27
1761376279256 0.7209898829460144 28
1761376281256 0.7112481594085693 29
1761376283443 0.6936966180801392 30
1761376285467 0.7155241370201111 31
1761376287281 0.6671408414840698 32
1761376289800 0.6809357404708862 33
1761376291411 0.643028736114502 34
1761376293049 0.6147074699401855 35
1761376294959 0.6267520785331726 36
1761376296964 0.5871630907058716 37
1761376298941 0.5704383850097656 38
1761376301048 0.5806086659431458 39
1761376303251 0.5501279234886169 40
1761376305007 0.5181244611740112 41
1761376306882 0.5444684624671936 42
1761376308965 0.5176860690116882 43
1761376311179 0.4725467562675476 44
1761376313286 0.4388279318809509 45
1761376315463 0.47340038418769836 46
1761376317517 0.43698224425315857 47
1761376319500 0.4088734984397888 48
1761376321519 0.4521723985671997 49
1761376226535 1.034949541091919 0
