1761374426450 0.49615558981895447 0
1761374427813 0.5070104002952576 1
1761374429218 0.5070104002952576 2
1761374430408 0.5070104002952576 3
1761374431618 0.5070104002952576 4
1761374432819 0.5070104002952576 5
1761374434118 0.5070104002952576 6
1761374435449 0.5070104002952576 7
1761374436714 0.5070104002952576 8
1761374438011 0.5070104002952576 9
1761374439306 0.5070104002952576 10
1761374440685 0.5070104002952576 11
1761374441987 0.5070104002952576 12
1761374443282 0.5070104002952576 13
1761374444612 0.5070104002952576 14
1761374445983 0.5038444399833679 15
1761374447264 0.5070104002952576 16
1761374448565 0.5070104002952576 17
1761374449889 0.5042967200279236 18
1761374451165 0.5038444399833679 19
1761374452395 0.5065581202507019 20
1761374453752 0.5052012801170349 21
1761374455283 0.5070104002952576 22
1761374456558 0.5042967200279236 23
1761374458077 0.510176420211792 24
1761374459368 0.5070104002952576 25
1761374460771 0.5065581202507019 26
1761374462120 0.5042967200279236 27
1761374463425 0.5029398202896118 28
1761374464763 0.5042967200279236 29
1761374466032 0.5088195204734802 30
1761374467283 0.5079149603843689 31
1761374468464 0.5061058402061462 32
1761374469738 0.5110809803009033 33
1761374470958 0.512890100479126 34
1761374472362 0.5106287002563477 35
1761374473785 0.5070104002952576 36
1761374476417 0.5137946605682373 37
1761374477784 0.5070104002952576 38
1761374479165 0.5061058402061462 39
1761374480486 0.5228403210639954 40
1761374481765 0.5083672404289246 41
1761374483174 0.5033921599388123 42
1761374484412 0.5151515007019043 43
1761374485759 0.5146992206573486 44
1761374487161 0.5196743607521057 45
1761374488554 0.5151515007019043 46
1761374489677 0.5210312008857727 47
1761374490983 0.5264586210250854 48
1761374492088 0.5174129605293274 49
1761374426450 0.49615558981895447 0
