1761374426450 1.057727575302124 0
1761374427813 1.0454424619674683 1
1761374429218 1.0420244932174683 2
1761374430408 1.043838620185852 3
1761374431618 1.0410572290420532 4
1761374432819 1.0406136512756348 5
1761374434118 1.0472031831741333 6
1761374435449 1.0379962921142578 7
1761374436714 1.040189504623413 8
1761374438011 1.0374313592910767 9
1761374439306 1.0373948812484741 10
1761374440685 1.0345438718795776 11
1761374441987 1.028795838356018 12
1761374443282 1.0294665098190308 13
1761374444612 1.0263644456863403 14
1761374445983 1.0281915664672852 15
1761374447264 1.0232429504394531 16
1761374448565 1.0252116918563843 17
1761374449889 1.0251754522323608 18
1761374451165 1.023396611213684 19
1761374452395 1.0231716632843018 20
1761374453752 1.0199958086013794 21
1761374455283 1.017005205154419 22
1761374456558 1.017602801322937 23
1761374458077 1.0180959701538086 24
1761374459368 1.0129491090774536 25
1761374460771 1.012558937072754 26
1761374462120 1.0129926204681396 27
1761374463425 1.0098384618759155 28
1761374464763 1.0047831535339355 29
1761374466032 1.0024346113204956 30
1761374467283 1.0009936094284058 31
1761374468464 1.0013878345489502 32
1761374469738 0.9977880716323853 33
1761374470958 0.995253324508667 34
1761374472362 0.994746744632721 35
1761374473785 0.9882662296295166 36
1761374476417 0.9902511835098267 37
1761374477784 0.9867464900016785 38
1761374479165 0.9838809967041016 39
1761374480486 0.9794565439224243 40
1761374481765 0.9794985055923462 41
1761374483174 0.9752295017242432 42
1761374484412 0.9783198237419128 43
1761374485759 0.9759905338287354 44
1761374487161 0.9789801836013794 45
1761374488554 0.9702605605125427 46
1761374489677 0.9610555171966553 47
1761374490983 0.9589248299598694 48
1761374492088 0.9634427428245544 49
1761374426450 1.057727575302124 0
