1761373772780 0.4454997777938843 0
1761373773856 0.45183175802230835 1
1761373774933 0.4559023082256317 2
1761373775707 0.4563545882701874 3
1761373776622 0.4667571187019348 4
1761373777595 0.46404340863227844 5
1761373778504 0.4644956886768341 6
1761373779428 0.4672093987464905 7
1761373780410 0.4667571187019348 8
1761373781289 0.46494799852371216 9
1761373782064 0.47218453884124756 10
1761373783114 0.4726368188858032 11
1761373784022 0.4717322587966919 12
1761373785421 0.46992310881614685 13
1761373785847 0.47580280900001526 14
1761373786513 0.4767073690891266 15
1761373787511 0.49163275957107544 16
1761373788239 0.49298959970474243 17
1761373789101 0.4875621795654297 18
1761373790089 0.5097240805625916 19
1761373790920 0.511533260345459 20
1761373791993 0.5119855403900146 21
1761373792882 0.51560378074646 22
1761373793986 0.5300768613815308 23
1761373794675 0.5278154611587524 24
1761373795435 0.5486205220222473 25
1761373796119 0.545002281665802 26
1761373796768 0.5572139024734497 27
1761373797623 0.5698778629302979 28
1761373798278 0.5689733028411865 29
1761373799099 0.5997286438941956 30
1761373799948 0.6033468842506409 31
1761373800973 0.6291270852088928 32
1761373801982 0.6359113454818726 33
1761373803129 0.6576209664344788 34
1761373803658 0.6874717473983765 35
1761373804258 0.6919945478439331 36
1761373805212 0.70737224817276 37
1761373806110 0.7317955493927002 38
1761373806983 0.7431026697158813 39
1761373807765 0.7639077305793762 40
1761373808718 0.7824513912200928 41
1761373809736 0.7946630716323853 42
1761373810450 0.7942107915878296 43
1761373811202 0.8136589527130127 44
1761373812050 0.8181818127632141 45
1761373812806 0.7924016118049622 46
1761373813749 0.834916353225708 47
1761373814643 0.8312980532646179 48
1761373815528 0.8421528935432434 49
1761373772780 0.4454997777938843 0
