1761373772780 1.0863659381866455 0
1761373773856 1.0590400695800781 1
1761373774933 1.0583393573760986 2
1761373775707 1.052015781402588 3
1761373776622 1.0505080223083496 4
1761373777595 1.0488126277923584 5
1761373778504 1.046265721321106 6
1761373779428 1.0441265106201172 7
1761373780410 1.0436153411865234 8
1761373781289 1.0372074842453003 9
1761373782064 1.0334126949310303 10
1761373783114 1.0296269655227661 11
1761373784022 1.02387273311615 12
1761373785421 1.0242924690246582 13
1761373785847 1.0135313272476196 14
1761373786513 1.0094306468963623 15
1761373787511 1.000779151916504 16
1761373788239 0.9957453608512878 17
1761373789101 0.9897847175598145 18
1761373790089 0.9801331758499146 19
1761373790920 0.9705926179885864 20
1761373791993 0.9675779938697815 21
1761373792882 0.9567334651947021 22
1761373793986 0.9436471462249756 23
1761373794675 0.9304361343383789 24
1761373795435 0.9300715327262878 25
1761373796119 0.9174764156341553 26
1761373796768 0.8972931504249573 27
1761373797623 0.8902971744537354 28
1761373798278 0.8728697896003723 29
1761373799099 0.8556855320930481 30
1761373799948 0.8401839137077332 31
1761373800973 0.8179941177368164 32
1761373801982 0.8047058582305908 33
1761373803129 0.7830876708030701 34
1761373803658 0.7682108283042908 35
1761373804258 0.7409153580665588 36
1761373805212 0.7287886142730713 37
1761373806110 0.7015337944030762 38
1761373806983 0.6806253790855408 39
1761373807765 0.6601962447166443 40
1761373808718 0.6403670310974121 41
1761373809736 0.6226646304130554 42
1761373810450 0.6096181869506836 43
1761373811202 0.5847727656364441 44
1761373812050 0.5716337561607361 45
1761373812806 0.577086329460144 46
1761373813749 0.5407343506813049 47
1761373814643 0.5301482081413269 48
1761373815528 0.516889214515686 49
1761373772780 1.0863659381866455 0
