1761375592105 0.3835368752479553 0
1761375593907 0.4391677975654602 1
1761375595554 0.46132972836494446 2
1761375597021 0.47218453884124756 3
1761375598200 0.5070104002952576 4
1761375599559 0.5255540609359741 5
1761375601037 0.5440977215766907 6
1761375602547 0.5875169634819031 7
1761375603812 0.6101311445236206 8
1761375604953 0.640434205532074 9
1761375606118 0.6549072861671448 10
1761375607355 0.6662144064903259 11
1761375608677 0.7055630683898926 12
1761375609979 0.743554949760437 13
1761375611154 0.7146087884902954 14
1761375612718 0.6892808675765991 15
1761375614093 0.7738580107688904 16
1761375615449 0.7725011110305786 17
1761375616587 0.7317955493927002 18
1761375618071 0.7761194109916687 19
1761375619539 0.7752148509025574 20
1761375620821 0.7865219116210938 21
1761375622177 0.8276797533035278 22
1761375623352 0.8127543926239014 23
1761375624819 0.7964721918106079 24
1761375625950 0.8254183530807495 25
1761375627070 0.8525553941726685 26
1761375628478 0.8276797533035278 27
1761375629823 0.8032564520835876 28
1761375631417 0.801447331905365 29
1761375632881 0.8480325937271118 30
1761375634160 0.840343713760376 31
1761375635436 0.8123021125793457 32
1761375636920 0.862053394317627 33
1761375638236 0.8326548933982849 34
1761375639336 0.8358209133148193 35
1761375640867 0.8489371538162231 36
1761375642338 0.8276797533035278 37
1761375643263 0.8787878751754761 38
1761375644305 0.8860244154930115 39
1761375645315 0.8656716346740723 40
1761375646683 0.8353686332702637 41
1761375647998 0.8466756939888 42
1761375649034 0.9000452160835266 43
1761375650175 0.8466756939888 44
1761375651420 0.8629579544067383 45
1761375652441 0.8172772526741028 46
1761375653600 0.8647670745849609 47
1761375654956 0.9014020562171936 48
1761375656493 0.898236095905304 49
1761375592105 0.3835368752479553 0
