1761375592105 1.0924161672592163 0
1761375593907 1.0580602884292603 1
1761375595554 1.035080075263977 2
1761375597021 1.0253080129623413 3
1761375598200 0.9859214425086975 4
1761375599559 0.9628833532333374 5
1761375601037 0.9316976070404053 6
1761375602547 0.8756206631660461 7
1761375603812 0.8237886428833008 8
1761375604953 0.7774410247802734 9
1761375606118 0.7556599974632263 10
1761375607355 0.7222300171852112 11
1761375608677 0.6617298126220703 12
1761375609979 0.5998105406761169 13
1761375611154 0.6229062676429749 14
1761375612718 0.6656327247619629 15
1761375614093 0.5363574028015137 16
1761375615449 0.5229730010032654 17
1761375616587 0.5691876411437988 18
1761375618071 0.5288209319114685 19
1761375619539 0.4972374439239502 20
1761375620821 0.4805799424648285 21
1761375622177 0.41754233837127686 22
1761375623352 0.4345378279685974 23
1761375624819 0.4819387197494507 24
1761375625950 0.4229840636253357 25
1761375627070 0.3642350137233734 26
1761375628478 0.41111406683921814 27
1761375629823 0.47599276900291443 28
1761375631417 0.4418693482875824 29
1761375632881 0.36498039960861206 30
1761375634160 0.37862908840179443 31
1761375635436 0.43190526962280273 32
1761375636920 0.3277600407600403 33
1761375638236 0.3706648349761963 34
1761375639336 0.3919455111026764 35
1761375640867 0.3512183427810669 36
1761375642338 0.39002230763435364 37
1761375643263 0.3036801815032959 38
1761375644305 0.2830752432346344 39
1761375645315 0.3086276054382324 40
1761375646683 0.38106659054756165 41
1761375647998 0.3439962565898895 42
1761375649034 0.26385390758514404 43
1761375650175 0.35011401772499084 44
1761375651420 0.3197847008705139 45
1761375652441 0.4423508644104004 46
1761375653600 0.3229562044143677 47
1761375654956 0.2571265697479248 48
1761375656493 0.2546229362487793 49
1761375592105 1.0924161672592163 0
