1761268121971 0.37533512711524963 0
1761268122219 0.41063448786735535 1
1761268122491 0.4414655864238739 2
1761268122715 0.4436997175216675 3
1761268122913 0.45129579305648804 4
1761268123111 0.4615728259086609 5
1761268123307 0.4789991080760956 6
1761268123506 0.4745308458805084 7
1761268123730 0.49285075068473816 8
1761268123925 0.494638055562973 9
1761268124128 0.5013405084609985 10
1761268124333 0.5125111937522888 11
1761268124539 0.5218945741653442 12
1761268124749 0.5116175413131714 13
1761268124953 0.5259159803390503 14
1761268125160 0.5397676229476929 15
1761268125364 0.5223413705825806 16
1761268125571 0.5299374461174011 17
1761268125774 0.5352993607521057 18
1761268125981 0.5388739705085754 19
1761268126185 0.5509383082389832 20
1761268126390 0.5406612753868103 21
1761268126596 0.5540661215782166 22
1761268126800 0.563449501991272 23
1761268127016 0.55719393491745 24
1761268127222 0.5670241117477417 25
1761268127425 0.5683646202087402 26
1761268127630 0.5755138397216797 27
1761268127831 0.5692582726478577 28
1761268128029 0.5813226103782654 29
1761268128233 0.5871313810348511 30
1761268128433 0.5835567712783813 31
1761268128638 0.5965147614479065 32
1761268128843 0.6058981418609619 33
1761268129047 0.5929401516914368 34
1761268129253 0.5969615578651428 35
1761268129456 0.5978552103042603 36
1761268129662 0.6072385907173157 37
1761268129865 0.6134942173957825 38
1761268130073 0.6188561320304871 39
1761268130281 0.6170688271522522 40
1761268130489 0.6260053515434265 41
1761268130701 0.6157283186912537 42
1761268130917 0.6206434369087219 43
1761268131117 0.6309204697608948 44
1761268131342 0.6139410138130188 45
1761268131541 0.6193029284477234 46
1761268131745 0.6344950795173645 47
1761268131961 0.6295799612998962 48
1761268132160 0.6286863088607788 49
1761268121971 0.37533512711524963 0
