1761268121971 1.0966867208480835 0
1761268122219 1.0665563344955444 1
1761268122491 1.0560520887374878 2
1761268122715 1.0487258434295654 3
1761268122913 1.0397489070892334 4
1761268123111 1.030534029006958 5
1761268123307 1.0230720043182373 6
1761268123506 1.0170739889144897 7
1761268123730 1.005903720855713 8
1761268123925 0.9981752634048462 9
1761268124128 0.990259051322937 10
1761268124333 0.9822878241539001 11
1761268124539 0.9762846231460571 12
1761268124749 0.9701574444770813 13
1761268124953 0.9622676372528076 14
1761268125160 0.953859269618988 15
1761268125364 0.9500699639320374 16
1761268125571 0.9463048577308655 17
1761268125774 0.9413511753082275 18
1761268125981 0.9390875697135925 19
1761268126185 0.9247761964797974 20
1761268126390 0.9208182692527771 21
1761268126596 0.9172301292419434 22
1761268126800 0.9100393056869507 23
1761268127016 0.9086154103279114 24
1761268127222 0.8992069959640503 25
1761268127425 0.8915554285049438 26
1761268127630 0.8864004015922546 27
1761268127831 0.8833223581314087 28
1761268128029 0.8777433037757874 29
1761268128233 0.8723917007446289 30
1761268128433 0.8732476234436035 31
1761268128638 0.8671314120292664 32
1761268128843 0.8582146763801575 33
1761268129047 0.8532922267913818 34
1761268129253 0.8503652215003967 35
1761268129456 0.8506462574005127 36
1761268129662 0.8414983749389648 37
1761268129865 0.8325750231742859 38
1761268130073 0.832755982875824 39
1761268130281 0.8245902061462402 40
1761268130489 0.8196426033973694 41
1761268130701 0.8206021189689636 42
1761268130917 0.8107090592384338 43
1761268131117 0.8075795769691467 44
1761268131342 0.8163274526596069 45
1761268131541 0.8090752959251404 46
1761268131745 0.7979124188423157 47
1761268131961 0.7990423440933228 48
1761268132160 0.7911616563796997 49
1761268121971 1.0966867208480835 0
