1761375949231 0.3573043942451477 0
1761375950130 0.3957485258579254 1
1761375951247 0.3921302556991577 2
1761375952291 0.3957485258579254 3
1761375953349 0.4129353165626526 4
1761375954256 0.42152872681617737 5
1761375955175 0.41474446654319763 6
1761375956145 0.41836273670196533 7
1761375957075 0.4246947169303894 8
1761375958125 0.43962007761001587 9
1761375959114 0.4319312572479248 10
1761375960047 0.452284038066864 11
1761375961104 0.4486657679080963 12
1761375962180 0.4454997777938843 13
1761375963185 0.4726368188858032 14
1761375964101 0.4767073690891266 15
1761375965133 0.48891904950141907 16
1761375966208 0.5074626803398132 17
1761375967311 0.5061058402061462 18
1761375968348 0.5214834809303284 19
1761375969355 0.5486205220222473 20
1761375970371 0.5454545617103577 21
1761375971341 0.5499773621559143 22
1761375972459 0.5572139024734497 23
1761375973562 0.556761622428894 24
1761375974690 0.5848032832145691 25
1761375975623 0.6010854840278625 26
1761375976619 0.6019900441169739 27
1761375977581 0.6092265844345093 28
1761375978319 0.6408864855766296 29
1761375979588 0.6300316452980042 30
1761375980446 0.6680235266685486 31
1761375980927 0.6793306469917297 32
1761375981713 0.7055630683898926 33
1761375983203 0.7051107883453369 34
1761375984012 0.7241067290306091 35
1761375984654 0.744911789894104 36
1761375986195 0.7589325904846191 37
1761375987455 0.7634554505348206 38
1761375988245 0.7878788113594055 39
1761375988879 0.779737651348114 40
1761375989596 0.7878788113594055 41
1761375990227 0.8064224123954773 42
1761375991025 0.81184983253479 43
1761375991891 0.809136152267456 44
1761375992750 0.8123021125793457 45
1761375993595 0.8272274732589722 46
1761375994284 0.8435097336769104 47
1761375994944 0.8385345935821533 48
1761375995718 0.8548168540000916 49
1761375949231 0.3573043942451477 0
