1761375949231 1.102613925933838 0
1761375950130 1.090788722038269 1
1761375951247 1.0861655473709106 2
1761375952291 1.0844345092773438 3
1761375953349 1.0801477432250977 4
1761375954256 1.0768210887908936 5
1761375955175 1.0753015279769897 6
1761375956145 1.0735574960708618 7
1761375957075 1.0695112943649292 8
1761375958125 1.0635385513305664 9
1761375959114 1.060624361038208 10
1761375960047 1.053869605064392 11
1761375961104 1.0494778156280518 12
1761375962180 1.0435166358947754 13
1761375963185 1.034029245376587 14
1761375964101 1.0260369777679443 15
1761375965133 1.020499587059021 16
1761375966208 1.008663296699524 17
1761375967311 1.0037440061569214 18
1761375968348 0.9959617853164673 19
1761375969355 0.9808936715126038 20
1761375970371 0.9716163277626038 21
1761375971341 0.9629415273666382 22
1761375972459 0.9564905166625977 23
1761375973562 0.9457282423973083 24
1761375974690 0.9294766187667847 25
1761375975623 0.9116820096969604 26
1761375976619 0.9009851813316345 27
1761375977581 0.8910138607025146 28
1761375978319 0.8658172488212585 29
1761375979588 0.856086790561676 30
1761375980446 0.8276700377464294 31
1761375980927 0.813828706741333 32
1761375981713 0.7882480621337891 33
1761375983203 0.7740883231163025 34
1761375984012 0.7511017322540283 35
1761375984654 0.7334536910057068 36
1761375986195 0.7115187644958496 37
1761375987455 0.6960801482200623 38
1761375988245 0.6725431680679321 39
1761375988879 0.6555020809173584 40
1761375989596 0.6444401741027832 41
1761375990227 0.6204102039337158 42
1761375991025 0.6084458231925964 43
1761375991891 0.5914984941482544 44
1761375992750 0.5845369100570679 45
1761375993595 0.5658313632011414 46
1761375994284 0.5484655499458313 47
1761375994944 0.5361133217811584 48
1761375995718 0.5261694192886353 49
1761375949231 1.102613925933838 0
