1761374653450 0.49525102972984314 0
1761374654677 0.514246940612793 1
1761374655646 0.5133423805236816 2
1761374656933 0.5445500016212463 3
1761374658149 0.5545002222061157 4
1761374659212 0.5649027824401855 5
1761374660292 0.6309362053871155 6
1761374661819 0.6449570059776306 7
1761374663234 0.6639529466629028 8
1761374664490 0.675260066986084 9
1761374665681 0.7317955493927002 10
1761374667058 0.7290818691253662 11
1761374668291 0.7485300898551941 12
1761374669651 0.7910447716712952 13
1761374670995 0.7367706894874573 14
1761374672288 0.7259158492088318 15
1761374673489 0.7933061718940735 16
1761374674653 0.8159204125404358 17
1761374675792 0.8530076742172241 18
1761374677052 0.8466756939888 19
1761374678166 0.7901402115821838 20
1761374679193 0.8276797533035278 21
1761374680303 0.8602442145347595 22
1761374681464 0.871099054813385 23
1761374682598 0.8308457732200623 24
1761374683628 0.8665761947631836 25
1761374684836 0.8457711338996887 26
1761374686041 0.8222523927688599 27
1761374687298 0.8534599542617798 28
1761374688495 0.8647670745849609 29
1761374689635 0.9004974961280823 30
1761374690780 0.8769787549972534 31
1761374691869 0.8819538950920105 32
1761374693058 0.8774310350418091 33
1761374694242 0.8652193546295166 34
1761374695553 0.8909995555877686 35
1761374696748 0.8815015554428101 36
1761374697977 0.8973315358161926 37
1761374699150 0.8606964945793152 38
1761374700379 0.837630033493042 39
1761374701543 0.8421528935432434 40
1761374702684 0.9036635160446167 41
1761374703828 0.8774310350418091 42
1761374704941 0.8991406559944153 43
1761374706171 0.9018543362617493 44
1761374707341 0.8417006134986877 45
1761374708545 0.8946177959442139 46
1761374709718 0.8778833150863647 47
1761374710786 0.8801447153091431 48
1761374711971 0.8647670745849609 49
1761374653450 0.49525102972984314 0
