1761374653450 1.033450961112976 0
1761374654677 0.9885542392730713 1
1761374655646 0.9751449227333069 2
1761374656933 0.9434777498245239 3
1761374658149 0.9021010398864746 4
1761374659212 0.8710221648216248 5
1761374660292 0.7998777031898499 6
1761374661819 0.7646159529685974 7
1761374663234 0.7462342977523804 8
1761374664490 0.7152582406997681 9
1761374665681 0.6162772178649902 10
1761374667058 0.6037307381629944 11
1761374668291 0.560780942440033 12
1761374669651 0.4937824606895447 13
1761374670995 0.5803414583206177 14
1761374672288 0.6170368790626526 15
1761374673489 0.480156809091568 16
1761374674653 0.4365231394767761 17
1761374675792 0.39098355174064636 18
1761374677052 0.3761608898639679 19
1761374678166 0.49082502722740173 20
1761374679193 0.4232933521270752 21
1761374680303 0.3389950692653656 22
1761374681464 0.3175358474254608 23
1761374682598 0.4078972041606903 24
1761374683628 0.32291844487190247 25
1761374684836 0.3623172342777252 26
1761374686041 0.4260382056236267 27
1761374687298 0.36235982179641724 28
1761374688495 0.3272669315338135 29
1761374689635 0.26727014780044556 30
1761374690780 0.2900308072566986 31
1761374691869 0.27986323833465576 32
1761374693058 0.3041178584098816 33
1761374694242 0.3192254304885864 34
1761374695553 0.27768680453300476 35
1761374696748 0.2742989659309387 36
1761374697977 0.2522701025009155 37
1761374699150 0.3272017538547516 38
1761374700379 0.36760053038597107 39
1761374701543 0.3849110007286072 40
1761374702684 0.2298344522714615 41
1761374703828 0.3008953928947449 42
1761374704941 0.2247541844844818 43
1761374706171 0.23513607680797577 44
1761374707341 0.40794914960861206 45
1761374708545 0.25115498900413513 46
1761374709718 0.28528231382369995 47
1761374710786 0.2836463749408722 48
1761374711971 0.3199510872364044 49
1761374653450 1.033450961112976 0
