1761250265743 0.3628239631652832 0
1761250266393 0.38739946484565735 1
1761250267020 0.41912421584129333 2
1761250267632 0.3999106287956238 3
1761250268189 0.42225199937820435 4
1761250268553 0.42001786828041077 5
1761250269092 0.4066130518913269 6
1761250269645 0.4146559536457062 7
1761250270350 0.40482574701309204 8
1761250270961 0.41644325852394104 9
1761250271527 0.4294012486934662 10
1761250272085 0.42180517315864563 11
1761250272558 0.41331547498703003 12
1761250273044 0.4276139438152313 13
1761250273700 0.42806077003479004 14
1761250274356 0.4262734651565552 15
1761250274909 0.4410187602043152 16
1761250275395 0.43744415044784546 17
1761250275903 0.44325289130210876 18
1761250276453 0.4387846291065216 19
1761250276943 0.44280606508255005 20
1761250277675 0.4530830979347229 21
1761250278268 0.4383378028869629 22
1761250278853 0.43074172735214233 23
1761250279470 0.44548705220222473 24
1761250280006 0.4495084881782532 25
1761250280563 0.4655942916870117 26
1761250281110 0.4562109112739563 27
1761250281571 0.46067917346954346 28
1761250282115 0.46648794412612915 29
1761250282673 0.4526362717151642 30
1761250283219 0.4673815965652466 31
1761250283607 0.4615728259086609 32
1761250284153 0.471403032541275 33
1761250284699 0.4655942916870117 34
1761250285234 0.4740839898586273 35
1761250285775 0.48123323917388916 36
1761250286313 0.46604111790657043 37
1761250286941 0.4647006392478943 38
1761250287501 0.47587132453918457 39
1761250288103 0.4705093801021576 40
1761250288669 0.46693477034568787 41
1761250289303 0.4857015311717987 42
1761250289913 0.4816800653934479 43
1761250290548 0.49240392446517944 44
1761250291076 0.4932975769042969 45
1761250291640 0.48123323917388916 46
1761250292182 0.4932975769042969 47
1761250292832 0.4857015311717987 48
1761250293392 0.4861483573913574 49
1761250265743 0.3628239631652832 0
