1761250265743 1.1094844341278076 0
1761250266393 1.0919337272644043 1
1761250267020 1.0739320516586304 2
1761250267632 1.078398585319519 3
1761250268189 1.0752817392349243 4
1761250268553 1.069021224975586 5
1761250269092 1.0767499208450317 6
1761250269645 1.0696414709091187 7
1761250270350 1.0741795301437378 8
1761250270961 1.0738558769226074 9
1761250271527 1.0626496076583862 10
1761250272085 1.0673415660858154 11
1761250272558 1.0635411739349365 12
1761250273044 1.0643566846847534 13
1761250273700 1.0598938465118408 14
1761250274356 1.0566073656082153 15
1761250274909 1.0609625577926636 16
1761250275395 1.0512818098068237 17
1761250275903 1.0483461618423462 18
1761250276453 1.051721215248108 19
1761250276943 1.0471656322479248 20
1761250277675 1.044228196144104 21
1761250278268 1.0483466386795044 22
1761250278853 1.047148585319519 23
1761250279470 1.0361489057540894 24
1761250280006 1.0336118936538696 25
1761250280563 1.036271572113037 26
1761250281110 1.0329450368881226 27
1761250281571 1.0352827310562134 28
1761250282115 1.0270342826843262 29
1761250282673 1.0417240858078003 30
1761250283219 1.020043134689331 31
1761250283607 1.0254523754119873 32
1761250284153 1.0273373126983643 33
1761250284699 1.0191271305084229 34
1761250285234 1.014984130859375 35
1761250285775 1.0165507793426514 36
1761250286313 1.0122108459472656 37
1761250286941 1.020079255104065 38
1761250287501 1.0139211416244507 39
1761250288103 1.009557843208313 40
1761250288669 1.0110268592834473 41
1761250289303 1.003402829170227 42
1761250289913 1.0038602352142334 43
1761250290548 1.0008701086044312 44
1761250291076 1.002221941947937 45
1761250291640 1.0011701583862305 46
1761250292182 0.9961859583854675 47
1761250292832 1.0003515481948853 48
1761250293392 0.9958099126815796 49
1761250265743 1.1094844341278076 0
