1761269329031 0.40527257323265076 0
1761269329491 0.4294012486934662 1
1761269329951 0.4209115207195282 2
1761269330386 0.42806077003479004 3
1761269330812 0.44235923886299133 4
1761269331220 0.44906166195869446 5
1761269331660 0.445040225982666 6
1761269332087 0.4472743570804596 7
1761269332499 0.45755138993263245 8
1761269332897 0.47274351119995117 9
1761269333300 0.4655942916870117 10
1761269333714 0.48033958673477173 11
1761269334143 0.4789991080760956 12
1761269334562 0.510723888874054 13
1761269334983 0.5089365243911743 14
1761269335386 0.5214477181434631 15
1761269335782 0.5259159803390503 16
1761269336188 0.5424486398696899 17
1761269336606 0.5585343837738037 18
1761269337019 0.5536193251609802 19
1761269337418 0.5679177641868591 20
1761269337814 0.5732797384262085 21
1761269338214 0.5826631188392639 22
1761269338630 0.5947274565696716 23
1761269339034 0.6112600564956665 24
1761269339446 0.6219838857650757 25
1761269339856 0.6282395124435425 26
1761269340273 0.6385165452957153 27
1761269340690 0.6483467221260071 28
1761269341106 0.6671134829521179 29
1761269341527 0.6577301025390625 30
1761269341940 0.6630920171737671 31
1761269342357 0.6912421584129333 32
1761269342752 0.6890080571174622 33
1761269343162 0.6997318863868713 34
1761269343582 0.6930294632911682 35
1761269343994 0.707774817943573 36
1761269344407 0.7265415787696838 37
1761269344817 0.7193922996520996 38
1761269345239 0.7421805262565613 39
1761269345650 0.7412868738174438 40
1761269346054 0.7229669094085693 41
1761269346467 0.7497766017913818 42
1761269346879 0.743520975112915 43
1761269347306 0.7725647687911987 44
1761269347706 0.771224319934845 45
1761269348114 0.7841823101043701 46
1761269348545 0.7877569198608398 47
1761269348942 0.7949061393737793 48
1761269349353 0.7998212575912476 49
1761269329031 0.40527257323265076 0
