1761269329031 1.080674409866333 0
1761269329491 1.0720958709716797 1
1761269329951 1.0659458637237549 2
1761269330386 1.0634653568267822 3
1761269330812 1.0551925897598267 4
1761269331220 1.0544545650482178 5
1761269331660 1.0459251403808594 6
1761269332087 1.0464088916778564 7
1761269332499 1.0330746173858643 8
1761269332897 1.0270676612854004 9
1761269333300 1.0240741968154907 10
1761269333714 1.0118664503097534 11
1761269334143 1.0081464052200317 12
1761269334562 0.9893249869346619 13
1761269334983 0.981514573097229 14
1761269335386 0.9758429527282715 15
1761269335782 0.9614856839179993 16
1761269336188 0.9426729083061218 17
1761269336606 0.9291821122169495 18
1761269337019 0.9200204014778137 19
1761269337418 0.9066717624664307 20
1761269337814 0.8984222412109375 21
1761269338214 0.8940721750259399 22
1761269338630 0.8612962365150452 23
1761269339034 0.833488404750824 24
1761269339446 0.82542884349823 25
1761269339856 0.8007650375366211 26
1761269340273 0.7988856434822083 27
1761269340690 0.7710008025169373 28
1761269341106 0.7642253637313843 29
1761269341527 0.755409300327301 30
1761269341940 0.7470281720161438 31
1761269342357 0.709683358669281 32
1761269342752 0.7033829092979431 33
1761269343162 0.6858015060424805 34
1761269343582 0.6790302991867065 35
1761269343994 0.6542813777923584 36
1761269344407 0.6343870162963867 37
1761269344817 0.6230080723762512 38
1761269345239 0.5992539525032043 39
1761269345650 0.5837705731391907 40
1761269346054 0.6195350885391235 41
1761269346467 0.5867812633514404 42
1761269346879 0.5630514025688171 43
1761269347306 0.52974933385849 44
1761269347706 0.532256007194519 45
1761269348114 0.5152180790901184 46
1761269348545 0.49536046385765076 47
1761269348942 0.4841524660587311 48
1761269349353 0.4708288908004761 49
1761269329031 1.080674409866333 0
