1761376616241 0.452284038066864 0
1761376616502 0.5083672404289246 1
1761376616752 0.5151515007019043 2
1761376617000 0.5287200212478638 3
1761376617230 0.5526911020278931 4
1761376617485 0.5893260836601257 5
1761376617714 0.6155585646629333 6
1761376617945 0.6363636255264282 7
1761376618218 0.6436001658439636 8
1761376618461 0.6748077869415283 9
1761376618720 0.6784260272979736 10
1761376618950 0.7001357078552246 11
1761376619190 0.7146087884902954 12
1761376619420 0.7286295890808105 13
1761376619656 0.7376752495765686 14
1761376619891 0.74219810962677 15
1761376620139 0.7539575099945068 16
1761376620377 0.7688828706741333 17
1761376620611 0.7761194109916687 18
1761376620878 0.7688828706741333 19
1761376621112 0.7734056711196899 20
1761376621340 0.7869741916656494 21
1761376621582 0.7697874307632446 22
1761376621820 0.806874692440033 23
1761376622055 0.801447331905365 24
1761376622295 0.7937584519386292 25
1761376622532 0.81184983253479 26
1761376622768 0.8059701323509216 27
1761376623001 0.8172772526741028 28
1761376623233 0.8353686332702637 29
1761376623469 0.8050655722618103 30
1761376623710 0.8385345935821533 31
1761376623935 0.8204432129859924 32
1761376624160 0.8290366530418396 33
1761376624389 0.8511985540390015 34
1761376624626 0.8602442145347595 35
1761376624859 0.8322026133537292 36
1761376625091 0.8317503333091736 37
1761376625392 0.8299412131309509 38
1761376625623 0.8625056743621826 39
1761376625904 0.8236092329025269 40
1761376626149 0.8701944947242737 41
1761376626392 0.8561736941337585 42
1761376626626 0.8679330348968506 43
1761376626857 0.8606964945793152 44
1761376627095 0.8846675753593445 45
1761376627327 0.8796924352645874 46
1761376627556 0.8715513348579407 47
1761376627786 0.871099054813385 48
1761376628012 0.8751696348190308 49
1761376616241 0.452284038066864 0
