1761376616241 1.0292447805404663 0
1761376616502 0.9936535358428955 1
1761376616752 0.9759844541549683 2
1761376617000 0.9659100770950317 3
1761376617230 0.9390653371810913 4
1761376617485 0.9207763075828552 5
1761376617714 0.8936063051223755 6
1761376617945 0.8670505881309509 7
1761376618218 0.8414880037307739 8
1761376618461 0.8122178316116333 9
1761376618720 0.7934736609458923 10
1761376618950 0.747462272644043 11
1761376619190 0.7360858917236328 12
1761376619420 0.7011548280715942 13
1761376619656 0.6740375757217407 14
1761376619891 0.6504731178283691 15
1761376620139 0.6314237713813782 16
1761376620377 0.6057922840118408 17
1761376620611 0.5917256474494934 18
1761376620878 0.5809511542320251 19
1761376621112 0.5629478096961975 20
1761376621340 0.535209059715271 21
1761376621582 0.5418251156806946 22
1761376621820 0.49354568123817444 23
1761376622055 0.49962013959884644 24
1761376622295 0.50669926404953 25
1761376622532 0.4775707423686981 26
1761376622768 0.4755668342113495 27
1761376623001 0.44863781332969666 28
1761376623233 0.43186306953430176 29
1761376623469 0.4767449200153351 30
1761376623710 0.4188726842403412 31
1761376623935 0.4363528788089752 32
1761376624160 0.42223379015922546 33
1761376624389 0.3888213038444519 34
1761376624626 0.38218310475349426 35
1761376624859 0.4138358235359192 36
1761376625091 0.3964090347290039 37
1761376625392 0.3969925343990326 38
1761376625623 0.3626980781555176 39
1761376625904 0.40463030338287354 40
1761376626149 0.3533535897731781 41
1761376626392 0.366794228553772 42
1761376626626 0.3557567596435547 43
1761376626857 0.34604743123054504 44
1761376627095 0.3237419128417969 45
1761376627327 0.3242802321910858 46
1761376627556 0.3486221432685852 47
1761376627786 0.32274049520492554 48
1761376628012 0.3253050446510315 49
1761376616241 1.0292447805404663 0
