1761374872075 0.49525102972984314 0
1761374872758 0.5074626803398132 1
1761374873414 0.510176420211792 2
1761374874076 0.5133423805236816 3
1761374874675 0.5341474413871765 4
1761374875272 0.5445500016212463 5
1761374875855 0.5382180213928223 6
1761374876444 0.5590230822563171 7
1761374877045 0.549072802066803 8
1761374877635 0.5879692435264587 9
1761374878231 0.616010844707489 10
1761374878831 0.6255088448524475 11
1761374879425 0.6512889862060547 12
1761374880024 0.6693803668022156 13
1761374880715 0.6743555068969727 14
1761374881370 0.7146087884902954 15
1761374881962 0.7218453288078308 16
1761374882559 0.7317955493927002 17
1761374883161 0.7598371505737305 18
1761374883961 0.7878788113594055 19
1761374884568 0.7964721918106079 20
1761374885959 0.805517852306366 21
1761374886549 0.8073269724845886 22
1761374887225 0.8222523927688599 23
1761374887896 0.8204432129859924 24
1761374888554 0.8258706331253052 25
1761374889226 0.8186340928077698 26
1761374889958 0.8303934931755066 27
1761374890767 0.8511985540390015 28
1761374891389 0.8606964945793152 29
1761374892084 0.8652193546295166 30
1761374892733 0.8774310350418091 31
1761374893387 0.8765264749526978 32
1761374893999 0.872455894947052 33
1761374894620 0.8720036149024963 34
1761374895288 0.8453188538551331 35
1761374895916 0.8869289755821228 36
1761374896536 0.8837630152702332 37
1761374897142 0.8774310350418091 38
1761374897762 0.8964269757270813 39
1761374898345 0.896879255771637 40
1761374898974 0.8851198554039001 41
1761374899639 0.8819538950920105 42
1761374900243 0.9004974961280823 43
1761374900960 0.8959746956825256 44
1761374901787 0.9000452160835266 45
1761374902520 0.904568076133728 46
1761374903301 0.8991406559944153 47
1761374904126 0.9009497761726379 48
1761374904844 0.9081863164901733 49
1761374872075 0.49525102972984314 0
