1761374872075 1.0350193977355957 0
1761374872758 1.0076261758804321 1
1761374873414 0.9947136044502258 2
1761374874076 0.9831801056861877 3
1761374874675 0.9632745385169983 4
1761374875272 0.9392829537391663 5
1761374875855 0.9365051984786987 6
1761374876444 0.9110919833183289 7
1761374877045 0.8965614438056946 8
1761374877635 0.8633251190185547 9
1761374878231 0.827538788318634 10
1761374878831 0.8076660633087158 11
1761374879425 0.7777614593505859 12
1761374880024 0.7358193397521973 13
1761374880715 0.7069389820098877 14
1761374881370 0.673650860786438 15
1761374881962 0.6371440291404724 16
1761374882559 0.6225380301475525 17
1761374883161 0.581330418586731 18
1761374883961 0.5314098596572876 19
1761374884568 0.5060406923294067 20
1761374885959 0.48458826541900635 21
1761374886549 0.475506991147995 22
1761374887225 0.4462534487247467 23
1761374887896 0.436034232378006 24
1761374888554 0.43511274456977844 25
1761374889226 0.4228970408439636 26
1761374889958 0.4097460210323334 27
1761374890767 0.3766980767250061 28
1761374891389 0.3544987440109253 29
1761374892084 0.3450673520565033 30
1761374892733 0.3297449052333832 31
1761374893387 0.3179090917110443 32
1761374893999 0.32780927419662476 33
1761374894620 0.3270570635795593 34
1761374895288 0.35030537843704224 35
1761374895916 0.29571768641471863 36
1761374896536 0.3001033067703247 37
1761374897142 0.3118547797203064 38
1761374897762 0.2704703211784363 39
1761374898345 0.2699044644832611 40
1761374898974 0.2802905738353729 41
1761374899639 0.28329387307167053 42
1761374900243 0.25653520226478577 43
1761374900960 0.2580432891845703 44
1761374901787 0.25246670842170715 45
1761374902520 0.25316914916038513 46
1761374903301 0.26027175784111023 47
1761374904126 0.24049389362335205 48
1761374904844 0.23086397349834442 49
1761374872075 1.0350193977355957 0
