1761373650262 0.453640878200531 0
1761373650999 0.47715964913368225 1
1761373651708 0.4898236095905304 2
1761373652369 0.49751242995262146 3
1761373653344 0.5002261400222778 4
1761373654321 0.5169606804847717 5
1761373655208 0.5260063409805298 6
1761373655964 0.555404782295227 7
1761373656803 0.5644505023956299 8
1761373657155 0.583898663520813 9
1761373657617 0.5861601233482361 10
1761373658422 0.6223428249359131 11
1761373659358 0.6304839253425598 12
1761373660322 0.6598824262619019 13
1761373661164 0.6815920472145081 14
1761373661727 0.6942560076713562 15
1761373662670 0.6974219679832458 16
1761373663541 0.7295341491699219 17
1761373664390 0.7322478294372559 18
1761373665338 0.743554949760437 19
1761373666250 0.7661691308021545 20
1761373667236 0.7946630716323853 21
1761373668050 0.7896879315376282 22
1761373669055 0.7616463303565979 23
1761373669952 0.8222523927688599 24
1761373670938 0.8159204125404358 25
1761373671873 0.8181818127632141 26
1761373672824 0.8417006134986877 27
1761373673619 0.8340117335319519 28
1761373674427 0.8294889330863953 29
1761373675491 0.8367254734039307 30
1761373676259 0.8584350943565369 31
1761373676987 0.8561736941337585 32
1761373677822 0.863410234451294 33
1761373678642 0.8647670745849609 34
1761373679412 0.8765264749526978 35
1761373680217 0.8864766955375671 36
1761373680948 0.8729081749916077 37
1761373681598 0.8919041156768799 38
1761373682372 0.8805969953536987 39
1761373683150 0.8928086757659912 40
1761373684051 0.8810492753982544 41
1761373684991 0.9004974961280823 42
1761373685757 0.8760741949081421 43
1761373686661 0.8751696348190308 44
1761373687601 0.8887381553649902 45
1761373688591 0.8810492753982544 46
1761373689550 0.8937132358551025 47
1761373690548 0.9099954962730408 48
1761373691482 0.8932609558105469 49
1761373650262 0.453640878200531 0
