1761373650262 1.0563983917236328 0
1761373650999 1.0279802083969116 1
1761373651708 1.0126076936721802 2
1761373652369 0.9971246123313904 3
1761373653344 0.985541820526123 4
1761373654321 0.9693529009819031 5
1761373655208 0.9505599141120911 6
1761373655964 0.9333866238594055 7
1761373656803 0.9115970134735107 8
1761373657155 0.8903875350952148 9
1761373657617 0.8713209629058838 10
1761373658422 0.8426644802093506 11
1761373659358 0.817891538143158 12
1761373660322 0.7830060124397278 13
1761373661164 0.7505760192871094 14
1761373661727 0.7356922626495361 15
1761373662670 0.7130217552185059 16
1761373663541 0.667942464351654 17
1761373664390 0.6455109715461731 18
1761373665338 0.6298754215240479 19
1761373666250 0.5954799056053162 20
1761373667236 0.5649878978729248 21
1761373668050 0.5455807447433472 22
1761373669055 0.5784850716590881 23
1761373669952 0.4984551668167114 24
1761373670938 0.4887082576751709 25
1761373671873 0.47592636942863464 26
1761373672824 0.44027894735336304 27
1761373673619 0.4421966075897217 28
1761373674427 0.44036832451820374 29
1761373675491 0.42127060890197754 30
1761373676259 0.3927455246448517 31
1761373676987 0.39179304242134094 32
1761373677822 0.3802728056907654 33
1761373678642 0.3655478358268738 34
1761373679412 0.35435858368873596 35
1761373680217 0.3387788236141205 36
1761373680948 0.3447076976299286 37
1761373681598 0.32132333517074585 38
1761373682372 0.33055055141448975 39
1761373683150 0.3091457486152649 40
1761373684051 0.32182949781417847 41
1761373684991 0.29379475116729736 42
1761373685757 0.31298503279685974 43
1761373686661 0.31675514578819275 44
1761373687601 0.29878857731819153 45
1761373688591 0.30436432361602783 46
1761373689550 0.28719064593315125 47
1761373690548 0.2639530599117279 48
1761373691482 0.27822914719581604 49
1761373650262 1.0563983917236328 0
