1761375447354 0.36996835470199585 0
1761375449797 0.3948439657688141 1
1761375452086 0.4029850661754608 2
1761375454158 0.41791045665740967 3
1761375456427 0.4346449673175812 4
1761375458581 0.4739936590194702 5
1761375460815 0.4767073690891266 6
1761375463239 0.4907281696796417 7
1761375465681 0.5196743607521057 8
1761375468020 0.5364088416099548 9
1761375470248 0.5183175206184387 10
1761375472448 0.5413839817047119 11
1761375474585 0.5535956621170044 12
1761375476805 0.556761622428894 13
1761375479004 0.5762098431587219 14
1761375481388 0.5961103439331055 15
1761375483726 0.6001809239387512 16
1761375485866 0.6114880442619324 17
1761375488232 0.616010844707489 18
1761375490523 0.641791045665741 19
1761375492840 0.6553595662117004 20
1761375495261 0.6616915464401245 21
1761375497423 0.6711894869804382 22
1761375499647 0.6938037276268005 23
1761375502022 0.6874717473983765 24
1761375504217 0.7051107883453369 25
1761375506435 0.7250112891197205 26
1761375508587 0.7164179086685181 27
1761375510938 0.7254635691642761 28
1761375513263 0.7417458295822144 29
1761375515503 0.7589325904846191 30
1761375517942 0.7670737504959106 31
1761375520169 0.7652645707130432 32
1761375522147 0.7697874307632446 33
1761375524215 0.767978310585022 34
1761375526395 0.7933061718940735 35
1761375528434 0.7765716910362244 36
1761375530669 0.7973767518997192 37
1761375532996 0.801447331905365 38
1761375535283 0.7978290319442749 39
1761375537681 0.7960199117660522 40
1761375539873 0.8159204125404358 41
1761375542144 0.834916353225708 42
1761375544334 0.8312980532646179 43
1761375546568 0.8371777534484863 44
1761375548887 0.8471279740333557 45
1761375551123 0.8484848737716675 46
1761375553281 0.8466756939888 47
1761375555404 0.8511985540390015 48
1761375557516 0.8322026133537292 49
1761375447354 0.36996835470199585 0
