1761375447354 1.0966912508010864 0
1761375449797 1.0879374742507935 1
1761375452086 1.0815247297286987 2
1761375454158 1.0681370496749878 3
1761375456427 1.0555181503295898 4
1761375458581 1.0358535051345825 5
1761375460815 1.0154528617858887 6
1761375463239 1.0037906169891357 7
1761375465681 0.9791480898857117 8
1761375468020 0.9616134762763977 9
1761375470248 0.9616659283638 10
1761375472448 0.9455382823944092 11
1761375474585 0.9197619557380676 12
1761375476805 0.9071645140647888 13
1761375479004 0.8680514693260193 14
1761375481388 0.8622764348983765 15
1761375483726 0.834906816482544 16
1761375485866 0.8228361010551453 17
1761375488232 0.8003166913986206 18
1761375490523 0.7762662172317505 19
1761375492840 0.7549418807029724 20
1761375495261 0.7364847660064697 21
1761375497423 0.7270399332046509 22
1761375499647 0.7016170024871826 23
1761375502022 0.7053149342536926 24
1761375504217 0.6560459136962891 25
1761375506435 0.6368815898895264 26
1761375508587 0.6397396326065063 27
1761375510938 0.6239081621170044 28
1761375513263 0.6097228527069092 29
1761375515503 0.5581931471824646 30
1761375517942 0.5561271905899048 31
1761375520169 0.5455426573753357 32
1761375522147 0.5261494517326355 33
1761375524215 0.535764217376709 34
1761375526395 0.49245819449424744 35
1761375528434 0.5049586892127991 36
1761375530669 0.47109782695770264 37
1761375532996 0.464659720659256 38
1761375535283 0.45400470495224 39
1761375537681 0.49043041467666626 40
1761375539873 0.4280412495136261 41
1761375542144 0.3971329629421234 42
1761375544334 0.3928195536136627 43
1761375546568 0.38279464840888977 44
1761375548887 0.3652462065219879 45
1761375551123 0.35823461413383484 46
1761375553281 0.36149677634239197 47
1761375555404 0.34458839893341064 48
1761375557516 0.38869598507881165 49
1761375447354 1.0966912508010864 0
