1761268141464 0.3802502155303955 0
1761268141685 0.3824843466281891 1
1761268141910 0.38516533374786377 2
1761268142133 0.4012511074542999 3
1761268142335 0.39276137948036194 4
1761268142538 0.41644325852394104 5
1761268142765 0.4115281403064728 6
1761268142967 0.41376230120658875 7
1761268143168 0.4119749665260315 8
1761268143380 0.41018766164779663 9
1761268143583 0.4003574550151825 10
1761268143784 0.4151027798652649 11
1761268143986 0.41420912742614746 12
1761268144193 0.41376230120658875 13
1761268144395 0.41644325852394104 14
1761268144598 0.4043789207935333 15
1761268144800 0.41018766164779663 16
1761268145001 0.4151027798652649 17
1761268145203 0.4057193994522095 18
1761268145403 0.4231456518173218 19
1761268145607 0.4115281403064728 20
1761268145806 0.4128686189651489 21
1761268146010 0.4155496060848236 22
1761268146213 0.4177837371826172 23
1761268146414 0.41733691096305847 24
1761268146618 0.4124217927455902 25
1761268146818 0.4151027798652649 26
1761268147014 0.4155496060848236 27
1761268147217 0.43386954069137573 28
1761268147416 0.4186773896217346 29
1761268147618 0.42582663893699646 30
1761268147820 0.42225199937820435 31
1761268148033 0.4271671175956726 32
1761268148233 0.42001786828041077 33
1761268148432 0.4209115207195282 34
1761268148638 0.42269882559776306 35
1761268148832 0.42269882559776306 36
1761268149025 0.42269882559776306 37
1761268149223 0.4209115207195282 38
1761268149426 0.4213583469390869 39
1761268149624 0.42850759625434875 40
1761268149817 0.41957104206085205 41
1761268150009 0.4209115207195282 42
1761268150204 0.41376230120658875 43
1761268150398 0.4320822060108185 44
1761268150598 0.4262734651565552 45
1761268150793 0.42582663893699646 46
1761268150993 0.4240393340587616 47
1761268151200 0.4361036717891693 48
1761268151402 0.41912421584129333 49
1761268141464 0.3802502155303955 0
