1761268141464 1.102928638458252 0
1761268141685 1.0818312168121338 1
1761268141910 1.0765366554260254 2
1761268142133 1.0726463794708252 3
1761268142335 1.0754215717315674 4
1761268142538 1.070454478263855 5
1761268142765 1.07008695602417 6
1761268142967 1.069820523262024 7
1761268143168 1.068755030632019 8
1761268143380 1.066957950592041 9
1761268143583 1.0688199996948242 10
1761268143784 1.0669960975646973 11
1761268143986 1.067392349243164 12
1761268144193 1.065057396888733 13
1761268144395 1.0661393404006958 14
1761268144598 1.068063735961914 15
1761268144800 1.0681185722351074 16
1761268145001 1.0649665594100952 17
1761268145203 1.0685689449310303 18
1761268145403 1.0638524293899536 19
1761268145607 1.0639220476150513 20
1761268145806 1.064184546470642 21
1761268146010 1.0644721984863281 22
1761268146213 1.0639146566390991 23
1761268146414 1.0644031763076782 24
1761268146618 1.061478614807129 25
1761268146818 1.0648449659347534 26
1761268147014 1.0653083324432373 27
1761268147217 1.0627994537353516 28
1761268147416 1.0641202926635742 29
1761268147618 1.0616289377212524 30
1761268147820 1.0602047443389893 31
1761268148033 1.0618822574615479 32
1761268148233 1.0632624626159668 33
1761268148432 1.0617601871490479 34
1761268148638 1.060869812965393 35
1761268148832 1.0619148015975952 36
1761268149025 1.0610182285308838 37
1761268149223 1.0657858848571777 38
1761268149426 1.0601886510849 39
1761268149624 1.0583370923995972 40
1761268149817 1.0623316764831543 41
1761268150009 1.065096139907837 42
1761268150204 1.0622594356536865 43
1761268150398 1.0594091415405273 44
1761268150598 1.0622727870941162 45
1761268150793 1.0571115016937256 46
1761268150993 1.0605075359344482 47
1761268151200 1.056124210357666 48
1761268151402 1.0589711666107178 49
1761268141464 1.102928638458252 0
