1761268079309 0.3681858777999878 0
1761268079740 0.3882931172847748 1
1761268080191 0.3793565630912781 2
1761268080504 0.3681858777999878 3
1761268080804 0.3838248550891876 4
1761268081128 0.38114386796951294 5
1761268081425 0.3918677270412445 6
1761268081720 0.37622877955436707 7
1761268082017 0.39320823550224304 8
1761268082336 0.39901697635650635 9
1761268082626 0.38471850752830505 10
1761268082915 0.3865058124065399 11
1761268083242 0.39946380257606506 12
1761268083520 0.3882931172847748 13
1761268083805 0.40750670433044434 14
1761268084089 0.3976764976978302 15
1761268084387 0.3914209008216858 16
1761268084684 0.41331547498703003 17
1761268084969 0.41108131408691406 18
1761268085255 0.40840035676956177 19
1761268085576 0.41689008474349976 20
1761268085865 0.4115281403064728 21
1761268086198 0.4151027798652649 22
1761268086489 0.4128686189651489 23
1761268086802 0.41376230120658875 24
1761268087089 0.4097408354282379 25
1761268087400 0.41689008474349976 26
1761268087699 0.42180517315864563 27
1761268087999 0.41018766164779663 28
1761268088281 0.4204646944999695 29
1761268088561 0.41018766164779663 30
1761268088844 0.4034852683544159 31
1761268089170 0.4097408354282379 32
1761268089463 0.4092940092086792 33
1761268089757 0.40482574701309204 34
1761268090053 0.4186773896217346 35
1761268090360 0.40840035676956177 36
1761268090654 0.4151027798652649 37
1761268090936 0.41063448786735535 38
1761268091226 0.41689008474349976 39
1761268091529 0.41644325852394104 40
1761268091821 0.41376230120658875 41
1761268092110 0.4066130518913269 42
1761268092417 0.41689008474349976 43
1761268092737 0.41331547498703003 44
1761268093023 0.41108131408691406 45
1761268093303 0.40750670433044434 46
1761268093587 0.41420912742614746 47
1761268093890 0.4151027798652649 48
1761268094176 0.41018766164779663 49
1761268079309 0.3681858777999878 0
