1761268079309 1.0977411270141602 0
1761268079740 1.0896917581558228 1
1761268080191 1.0960700511932373 2
1761268080504 1.0912803411483765 3
1761268080804 1.094110369682312 4
1761268081128 1.0892610549926758 5
1761268081425 1.0846046209335327 6
1761268081720 1.0903873443603516 7
1761268082017 1.083583116531372 8
1761268082336 1.084586501121521 9
1761268082626 1.0850026607513428 10
1761268082915 1.0782010555267334 11
1761268083242 1.0751771926879883 12
1761268083520 1.0788017511367798 13
1761268083805 1.0734504461288452 14
1761268084089 1.0783519744873047 15
1761268084387 1.0759894847869873 16
1761268084684 1.073913335800171 17
1761268084969 1.0738551616668701 18
1761268085255 1.0717755556106567 19
1761268085576 1.0726326704025269 20
1761268085865 1.0730334520339966 21
1761268086198 1.0707414150238037 22
1761268086489 1.071638822555542 23
1761268086802 1.0703970193862915 24
1761268087089 1.0709518194198608 25
1761268087400 1.0685604810714722 26
1761268087699 1.0706843137741089 27
1761268087999 1.0694252252578735 28
1761268088281 1.067562460899353 29
1761268088561 1.0665949583053589 30
1761268088844 1.0728449821472168 31
1761268089170 1.0679138898849487 32
1761268089463 1.066102385520935 33
1761268089757 1.0668696165084839 34
1761268090053 1.06589674949646 35
1761268090360 1.0657386779785156 36
1761268090654 1.064632534980774 37
1761268090936 1.0652517080307007 38
1761268091226 1.0651540756225586 39
1761268091529 1.0638890266418457 40
1761268091821 1.0636123418807983 41
1761268092110 1.0631473064422607 42
1761268092417 1.0636570453643799 43
1761268092737 1.0635700225830078 44
1761268093023 1.0658208131790161 45
1761268093303 1.06235671043396 46
1761268093587 1.0622150897979736 47
1761268093890 1.0613681077957153 48
1761268094176 1.0602195262908936 49
1761268079309 1.0977411270141602 0
