1761376462007 0.41112619638442993 0
1761376463796 0.46132972836494446 1
1761376465417 0.4654002785682678 2
1761376467862 0.4875621795654297 3
1761376469378 0.5097240805625916 4
1761376470930 0.5309814810752869 5
1761376472793 0.5472636818885803 6
1761376474437 0.55042964220047 7
1761376476127 0.5644505023956299 8
1761376477660 0.5716870427131653 9
1761376479010 0.5621890425682068 10
1761376480315 0.5793758630752563 11
1761376481743 0.5807327032089233 12
1761376483172 0.5943012237548828 13
1761376484500 0.6164631247520447 14
1761376485885 0.6155585646629333 15
1761376487332 0.6255088448524475 16
1761376488670 0.6336499452590942 17
1761376490009 0.6449570059776306 18
1761376491285 0.6485753059387207 19
1761376492808 0.6576209664344788 20
1761376494317 0.6729986667633057 21
1761376495593 0.6784260272979736 22
1761376496884 0.677973747253418 23
1761376498333 0.6838534474372864 24
1761376499700 0.7055630683898926 25
1761376500953 0.7177747488021851 26
1761376502194 0.7096336483955383 27
1761376503495 0.7272727489471436 28
1761376506193 0.7308909893035889 29
1761376507491 0.7290818691253662 30
1761376508846 0.7458163499832153 31
1761376510345 0.7485300898551941 32
1761376511612 0.7530528903007507 33
1761376512882 0.7652645707130432 34
1761376514205 0.7819991111755371 35
1761376515639 0.7806422710418701 36
1761376516933 0.7688828706741333 37
1761376518267 0.7896879315376282 38
1761376519577 0.7869741916656494 39
1761376521097 0.7919493317604065 40
1761376522607 0.8037087321281433 41
1761376524041 0.8095884323120117 42
1761376525366 0.7982813119888306 43
1761376526813 0.8186340928077698 44
1761376528137 0.8227046728134155 45
1761376529566 0.8263229131698608 46
1761376530889 0.7991858720779419 47
1761376532361 0.8312980532646179 48
1761376533805 0.8358209133148193 49
1761376462007 0.41112619638442993 0
