1761376462007 1.0351861715316772 0
1761376463796 1.022523045539856 1
1761376465417 1.0137100219726562 2
1761376467862 1.0024397373199463 3
1761376469378 0.9847277998924255 4
1761376470930 0.978299081325531 5
1761376472793 0.9723977446556091 6
1761376474437 0.952762246131897 7
1761376476127 0.9428545236587524 8
1761376477660 0.930062472820282 9
1761376479010 0.9313134551048279 10
1761376480315 0.9164907932281494 11
1761376481743 0.9063156247138977 12
1761376483172 0.8873546123504639 13
1761376484500 0.8723061680793762 14
1761376485885 0.8528560400009155 15
1761376487332 0.8408894538879395 16
1761376488670 0.8308611512184143 17
1761376490009 0.810215175151825 18
1761376491285 0.7882997393608093 19
1761376492808 0.7779133915901184 20
1761376494317 0.75042724609375 21
1761376495593 0.761504054069519 22
1761376496884 0.7385938167572021 23
1761376498333 0.7462227940559387 24
1761376499700 0.7002001404762268 25
1761376500953 0.6759614944458008 26
1761376502194 0.6640111804008484 27
1761376503495 0.6552413105964661 28
1761376506193 0.6337984204292297 29
1761376507491 0.6319623589515686 30
1761376508846 0.6124842166900635 31
1761376510345 0.5979050397872925 32
1761376511612 0.5769569873809814 33
1761376512882 0.5694679021835327 34
1761376514205 0.5437692999839783 35
1761376515639 0.5373088121414185 36
1761376516933 0.5592722296714783 37
1761376518267 0.5060951709747314 38
1761376519577 0.5135711431503296 39
1761376521097 0.4963965117931366 40
1761376522607 0.475846529006958 41
1761376524041 0.45161202549934387 42
1761376525366 0.49986693263053894 43
1761376526813 0.4413711726665497 44
1761376528137 0.42633381485939026 45
1761376529566 0.4244588315486908 46
1761376530889 0.46136125922203064 47
1761376532361 0.40716812014579773 48
1761376533805 0.3975682556629181 49
1761376462007 1.0351861715316772 0
