1761250123179 0.3860589861869812 0
1761250124600 0.39008042216300964 1
1761250125945 0.41912421584129333 2
1761250126867 0.41733691096305847 3
1761250128104 0.43342268466949463 4
1761250128991 0.43967828154563904 5
1761250130169 0.4526362717151642 6
1761250131599 0.4624664783477783 7
1761250132557 0.483020544052124 8
1761250133905 0.4794459342956543 9
1761250134939 0.48525470495224 10
1761250136354 0.5080428719520569 11
1761250137531 0.5183199048042297 12
1761250138680 0.5303842425346375 13
1761250140013 0.531724750995636 14
1761250141338 0.5437890887260437 15
1761250142707 0.548704206943512 16
1761250143795 0.5688114166259766 17
1761250145114 0.5773011445999146 18
1761250146471 0.5960679054260254 19
1761250147795 0.6170688271522522 20
1761250148654 0.626899003982544 21
1761250150001 0.6318141222000122 22
1761250151370 0.6470062732696533 23
1761250152732 0.6438784599304199 24
1761250153694 0.6586237549781799 25
1761250154929 0.6680071353912354 26
1761250156022 0.6800714731216431 27
1761250157273 0.6921358108520508 28
1761250158593 0.7122430801391602 29
1761250159413 0.7059875130653381 30
1761250160762 0.6957104802131653 31
1761250162124 0.7256479263305664 32
1761250163543 0.7278820276260376 33
1761250164617 0.7296693325042725 34
1761250166174 0.7354781031608582 35
1761250167551 0.7207328081130981 36
1761250168887 0.7663092017173767 37
1761250169817 0.760500431060791 38
1761250171042 0.754244863986969 39
1761250172374 0.7663092017173767 40
1761250173616 0.7756925821304321 41
1761250174538 0.7765862345695496 42
1761250175529 0.7819481492042542 43
1761250176687 0.794459342956543 44
1761250177991 0.7908847332000732 45
1761250179287 0.7940124869346619 46
1761250180391 0.7989276051521301 47
1761250181775 0.7935656905174255 48
1761250183134 0.8016085624694824 49
1761250123179 0.3860589861869812 0
