1761250123179 1.0897728204727173 0
1761250124600 1.072105050086975 1
1761250125945 1.066076636314392 2
1761250126867 1.052262783050537 3
1761250128104 1.045798897743225 4
1761250128991 1.0357246398925781 5
1761250130169 1.0219303369522095 6
1761250131599 1.0132795572280884 7
1761250132557 0.9954988956451416 8
1761250133905 0.9960100650787354 9
1761250134939 0.9764261245727539 10
1761250136354 0.9575781226158142 11
1761250137531 0.9517970681190491 12
1761250138680 0.935793936252594 13
1761250140013 0.9316986799240112 14
1761250141338 0.9020560383796692 15
1761250142707 0.9070344567298889 16
1761250143795 0.8734373450279236 17
1761250145114 0.87037193775177 18
1761250146471 0.837496280670166 19
1761250147795 0.8337281942367554 20
1761250148654 0.8163582682609558 21
1761250150001 0.789189875125885 22
1761250151370 0.7607316374778748 23
1761250152732 0.7569594979286194 24
1761250153694 0.7510825395584106 25
1761250154929 0.7400833964347839 26
1761250156022 0.7021543383598328 27
1761250157273 0.68506920337677 28
1761250158593 0.665109395980835 29
1761250159413 0.6765435338020325 30
1761250160762 0.6693793535232544 31
1761250162124 0.636880099773407 32
1761250163543 0.624805212020874 33
1761250164617 0.6110913753509521 34
1761250166174 0.6013341546058655 35
1761250167551 0.6188483834266663 36
1761250168887 0.5663551092147827 37
1761250169817 0.5572778582572937 38
1761250171042 0.5477773547172546 39
1761250172374 0.5419874787330627 40
1761250173616 0.5241520404815674 41
1761250174538 0.5085709691047668 42
1761250175529 0.4926462173461914 43
1761250176687 0.4923315644264221 44
1761250177991 0.48197346925735474 45
1761250179287 0.48160699009895325 46
1761250180391 0.47251421213150024 47
1761250181775 0.4778393805027008 48
1761250183134 0.4597032070159912 49
1761250123179 1.0897728204727173 0
