1761373718107 0.42921754717826843 0
1761373719043 0.4767073690891266 1
1761373719548 0.48168250918388367 2
1761373719893 0.5011307001113892 3
1761373720267 0.5133423805236816 4
1761373720854 0.5269109010696411 5
1761373721767 0.5427408218383789 6
1761373722776 0.5635458827018738 7
1761373723778 0.5775666832923889 8
1761373724676 0.6024423241615295 9
1761373725526 0.6209859848022461 10
1761373726555 0.6544550061225891 11
1761373727372 0.6743555068969727 12
1761373728330 0.6901854276657104 13
1761373729186 0.7064676880836487 14
1761373730025 0.7290818691253662 15
1761373731109 0.7648122906684875 16
1761373732038 0.770691990852356 17
1761373732925 0.7607417702674866 18
1761373733778 0.7874265313148499 19
1761373734746 0.8159204125404358 20
1761373735734 0.7896879315376282 21
1761373736541 0.8177295327186584 22
1761373737243 0.837630033493042 23
1761373738000 0.840343713760376 24
1761373738617 0.8398914337158203 25
1761373739239 0.8344640731811523 26
1761373739873 0.8606964945793152 27
1761373740526 0.8548168540000916 28
1761373741236 0.8706467747688293 29
1761373742577 0.8552691340446472 30
1761373742956 0.8756219148635864 31
1761373743353 0.8616011142730713 32
1761373744126 0.8742650151252747 33
1761373744487 0.8756219148635864 34
1761373744910 0.8869289755821228 35
1761373745372 0.8674807548522949 36
1761373745816 0.89552241563797 37
1761373746235 0.8896427154541016 38
1761373746750 0.8756219148635864 39
1761373747134 0.8747172951698303 40
1761373747582 0.9000452160835266 41
1761373748314 0.9014020562171936 42
1761373748942 0.8787878751754761 43
1761373749573 0.8914518356323242 44
1761373750196 0.9109000563621521 45
1761373750699 0.8950700759887695 46
1761373751059 0.8815015554428101 47
1761373751519 0.9104477763175964 48
1761373752144 0.908638596534729 49
1761373718107 0.42921754717826843 0
