1761373718107 1.0587222576141357 0
1761373719043 1.028991460800171 1
1761373719548 1.0112676620483398 2
1761373719893 0.9923350214958191 3
1761373720267 0.9762142300605774 4
1761373720854 0.9481564164161682 5
1761373721767 0.9229298233985901 6
1761373722776 0.9018423557281494 7
1761373723778 0.8856199979782104 8
1761373724676 0.8467103838920593 9
1761373725526 0.8130035400390625 10
1761373726555 0.781425416469574 11
1761373727372 0.7434607148170471 12
1761373728330 0.7100352644920349 13
1761373729186 0.6694912314414978 14
1761373730025 0.6461525559425354 15
1761373731109 0.5902159214019775 16
1761373732038 0.5649279356002808 17
1761373732925 0.5654284358024597 18
1761373733778 0.5288863778114319 19
1761373734746 0.4765174984931946 20
1761373735734 0.5005209445953369 21
1761373736541 0.456193745136261 22
1761373737243 0.4309943616390228 23
1761373738000 0.4189513921737671 24
1761373738617 0.4088725447654724 25
1761373739239 0.4166041910648346 26
1761373739873 0.36770033836364746 27
1761373740526 0.3727826774120331 28
1761373741236 0.3448970317840576 29
1761373742577 0.3613794147968292 30
1761373742956 0.3328793942928314 31
1761373743353 0.3522534966468811 32
1761373744126 0.3354719877243042 33
1761373744487 0.32339754700660706 34
1761373744910 0.29956886172294617 35
1761373745372 0.32749736309051514 36
1761373745816 0.2771620750427246 37
1761373746235 0.2865994870662689 38
1761373746750 0.2887294590473175 39
1761373747134 0.3040880560874939 40
1761373747582 0.26636233925819397 41
1761373748314 0.2629919648170471 42
1761373748942 0.2923974096775055 43
1761373749573 0.27384740114212036 44
1761373750196 0.2431337535381317 45
1761373750699 0.27078133821487427 46
1761373751059 0.27744483947753906 47
1761373751519 0.24033203721046448 48
1761373752144 0.23748715221881866 49
1761373718107 1.0587222576141357 0
