1761375691510 0.3835368752479553 0
1761375693184 0.42198100686073303 1
1761375694424 0.46630483865737915 2
1761375695991 0.4798733592033386 3
1761375697350 0.4957033097743988 4
1761375698789 0.5300768613815308 5
1761375700206 0.578471302986145 6
1761375701522 0.5635458827018738 7
1761375702940 0.6196291446685791 8
1761375704609 0.639077365398407 9
1761375705903 0.6625961065292358 10
1761375707051 0.7082768082618713 11
1761375708434 0.7109904885292053 12
1761375709607 0.7327001094818115 13
1761375710682 0.7001357078552246 14
1761375712043 0.7372229695320129 15
1761375713429 0.7661691308021545 16
1761375714504 0.7815468311309814 17
1761375715531 0.7774762511253357 18
1761375716436 0.7878788113594055 19
1761375717588 0.8159204125404358 20
1761375718720 0.8082315921783447 21
1761375720060 0.7829036712646484 22
1761375721057 0.8073269724845886 23
1761375722208 0.8086838722229004 24
1761375723447 0.7620986104011536 25
1761375724867 0.8123021125793457 26
1761375726232 0.8584350943565369 27
1761375727667 0.8575305342674255 28
1761375728920 0.8521031141281128 29
1761375730234 0.8439620137214661 30
1761375731267 0.8340117335319519 31
1761375732659 0.838986873626709 32
1761375733870 0.868385374546051 33
1761375734959 0.8661239147186279 34
1761375736402 0.8177295327186584 35
1761375737777 0.8629579544067383 36
1761375739188 0.8543645143508911 37
1761375740536 0.8720036149024963 38
1761375741849 0.8498417139053345 39
1761375742999 0.8227046728134155 40
1761375744402 0.8837630152702332 41
1761375745832 0.8177295327186584 42
1761375747211 0.8326548933982849 43
1761375748344 0.7946630716323853 44
1761375749742 0.8842152953147888 45
1761375750942 0.8701944947242737 46
1761375751932 0.8625056743621826 47
1761375753311 0.8181818127632141 48
1761375754476 0.89552241563797 49
1761375691510 0.3835368752479553 0
