1761375691510 1.095812201499939 0
1761375693184 1.0629477500915527 1
1761375694424 1.0376793146133423 2
1761375695991 1.0161075592041016 3
1761375697350 1.0106226205825806 4
1761375698789 0.9582791328430176 5
1761375700206 0.922597348690033 6
1761375701522 0.9051015377044678 7
1761375702940 0.8302890062332153 8
1761375704609 0.8109322190284729 9
1761375705903 0.7472967505455017 10
1761375707051 0.6772863864898682 11
1761375708434 0.6526266932487488 12
1761375709607 0.6302432417869568 13
1761375710682 0.657288670539856 14
1761375712043 0.6018164753913879 15
1761375713429 0.5497679710388184 16
1761375714504 0.5179914236068726 17
1761375715531 0.5224127769470215 18
1761375716436 0.4933750331401825 19
1761375717588 0.4404521882534027 20
1761375718720 0.47557148337364197 21
1761375720060 0.49831628799438477 22
1761375721057 0.448723703622818 23
1761375722208 0.4391153156757355 24
1761375723447 0.5474830269813538 25
1761375724867 0.4292928874492645 26
1761375726232 0.3599321246147156 27
1761375727667 0.35929787158966064 28
1761375728920 0.35800647735595703 29
1761375730234 0.3736902177333832 30
1761375731267 0.39624640345573425 31
1761375732659 0.36634549498558044 32
1761375733870 0.3265318274497986 33
1761375734959 0.32720375061035156 34
1761375736402 0.42509010434150696 35
1761375737777 0.3317456841468811 36
1761375739188 0.3350794017314911 37
1761375740536 0.30139443278312683 38
1761375741849 0.34323060512542725 39
1761375742999 0.41903355717658997 40
1761375744402 0.2888765037059784 41
1761375745832 0.44404101371765137 42
1761375747211 0.3902476131916046 43
1761375748344 0.49131909012794495 44
1761375749742 0.2932170033454895 45
1761375750942 0.320331871509552 46
1761375751932 0.3271513879299164 47
1761375753311 0.4093347191810608 48
1761375754476 0.270646870136261 49
1761375691510 1.095812201499939 0
