1761373282144 0.44595205783843994 0
1761373283038 0.453640878200531 1
1761373283811 0.453640878200531 2
1761373284737 0.453640878200531 3
1761373285857 0.453640878200531 4
1761373286971 0.44323834776878357 5
1761373287806 0.453640878200531 6
1761373289448 0.453640878200531 7
1761373292614 0.453640878200531 8
1761373293444 0.453640878200531 9
1761373294870 0.45545002818107605 10
1761373296961 0.453640878200531 11
1761373297800 0.45318859815597534 12
1761373298485 0.453640878200531 13
1761373299276 0.45409315824508667 14
1761373300175 0.4464043378829956 15
1761373301060 0.4563545882701874 16
1761373302712 0.449118047952652 17
1761373303993 0.4572591483592987 18
1761373307649 0.4527363181114197 19
1761373311297 0.45047488808631897 20
1761373312731 0.4586160182952881 21
1761373313729 0.45318859815597534 22
1761373315308 0.45183175802230835 23
1761373316653 0.46042513847351074 24
1761373317694 0.4527363181114197 25
1761373318543 0.4599728584289551 26
1761373319453 0.45680686831474304 27
1761373320490 0.4617820084095001 28
1761373321757 0.4527363181114197 29
1761373322702 0.46630483865737915 30
1761373323663 0.4545454680919647 31
1761373324483 0.4559023082256317 32
1761373325337 0.4730890989303589 33
1761373326160 0.4644956886768341 34
1761373327083 0.4581637382507324 35
1761373327923 0.46404340863227844 36
1761373328822 0.4654002785682678 37
1761373329672 0.46042513847351074 38
1761373330534 0.45906829833984375 39
1761373331409 0.4694708287715912 40
1761373332436 0.46404340863227844 41
1761373333405 0.4703753888607025 42
1761373334595 0.4635911285877228 43
1761373335564 0.4726368188858032 44
1761373336376 0.4672093987464905 45
1761373337306 0.4789687991142273 46
1761373338106 0.4767073690891266 47
1761373338951 0.4789687991142273 48
1761373339785 0.4762550890445709 49
1761373282144 0.44595205783843994 0
