1761373282144 1.0874865055084229 0
1761373283038 1.0722976922988892 1
1761373283811 1.0747791528701782 2
1761373284737 1.0717322826385498 3
1761373285857 1.0769295692443848 4
1761373286971 1.0767303705215454 5
1761373287806 1.0729507207870483 6
1761373289448 1.0735721588134766 7
1761373292614 1.0725942850112915 8
1761373293444 1.0700256824493408 9
1761373294870 1.0684300661087036 10
1761373296961 1.0672067403793335 11
1761373297800 1.0689773559570312 12
1761373298485 1.0617626905441284 13
1761373299276 1.0601240396499634 14
1761373300175 1.0609863996505737 15
1761373301060 1.056019902229309 16
1761373302712 1.0591591596603394 17
1761373303993 1.0580943822860718 18
1761373307649 1.0552499294281006 19
1761373311297 1.0587111711502075 20
1761373312731 1.051270604133606 21
1761373313729 1.0531857013702393 22
1761373315308 1.0526214838027954 23
1761373316653 1.0498011112213135 24
1761373317694 1.0495319366455078 25
1761373318543 1.053159475326538 26
1761373319453 1.0519074201583862 27
1761373320490 1.0455071926116943 28
1761373321757 1.0454648733139038 29
1761373322702 1.0435385704040527 30
1761373323663 1.0449954271316528 31
1761373324483 1.0475622415542603 32
1761373325337 1.0378870964050293 33
1761373326160 1.040258526802063 34
1761373327083 1.03663969039917 35
1761373327923 1.0377181768417358 36
1761373328822 1.0327141284942627 37
1761373329672 1.0310465097427368 38
1761373330534 1.0298820734024048 39
1761373331409 1.023533582687378 40
1761373332436 1.0231828689575195 41
1761373333405 1.0215744972229004 42
1761373334595 1.0197994709014893 43
1761373335564 1.0191216468811035 44
1761373336376 1.0137290954589844 45
1761373337306 1.0136367082595825 46
1761373338106 1.0045593976974487 47
1761373338951 1.0061566829681396 48
1761373339785 1.0035001039505005 49
1761373282144 1.0874865055084229 0
