1761373366888 0.4527363181114197 0
1761373368941 0.45680686831474304 1
1761373370768 0.4681139886379242 2
1761373372845 0.46404340863227844 3
1761373375340 0.47218453884124756 4
1761373377371 0.48439618945121765 5
1761373379389 0.49615558981895447 6
1761373381354 0.49886929988861084 7
1761373383292 0.5241972208023071 8
1761373385234 0.5327906012535095 9
1761373387158 0.5355042815208435 10
1761373389043 0.5531433820724487 11
1761373391021 0.581184983253479 12
1761373394568 0.5793758630752563 13
1761373396986 0.5979194641113281 14
1761373399315 0.6092265844345093 15
1761373402060 0.6164631247520447 16
1761373404183 0.6309362053871155 17
1761373405830 0.6512889862060547 18
1761373407393 0.676616907119751 19
1761373408773 0.6662144064903259 20
1761373410531 0.6788783073425293 21
1761373411963 0.7010402679443359 22
1761373413418 0.7227498888969421 23
1761373414939 0.7146087884902954 24
1761373416395 0.7295341491699219 25
1761373417756 0.7399367094039917 26
1761373419278 0.7553143501281738 27
1761373420857 0.7639077305793762 28
1761373422440 0.7643600106239319 29
1761373423965 0.7725011110305786 30
1761373426077 0.7829036712646484 31
1761373427637 0.7788330912590027 32
1761373429509 0.7824513912200928 33
1761373430961 0.7951153516769409 34
1761373432768 0.810492992401123 35
1761373434493 0.804161012172699 36
1761373436916 0.8181818127632141 37
1761373438358 0.8263229131698608 38
1761373439947 0.8208954930305481 39
1761373441413 0.8525553941726685 40
1761373443063 0.8457711338996887 41
1761373444828 0.8498417139053345 42
1761373446457 0.8602442145347595 43
1761373448140 0.8566259741783142 44
1761373449596 0.8145635724067688 45
1761373451113 0.8525553941726685 46
1761373452632 0.8742650151252747 47
1761373454369 0.8742650151252747 48
1761373455879 0.8720036149024963 49
1761373366888 0.4527363181114197 0
