1761373366888 1.0647010803222656 0
1761373368941 1.055431842803955 1
1761373370768 1.038657307624817 2
1761373372845 1.034765362739563 3
1761373375340 1.0205497741699219 4
1761373377371 1.0047959089279175 5
1761373379389 0.9850986003875732 6
1761373381354 0.9806443452835083 7
1761373383292 0.9550935626029968 8
1761373385234 0.9392536878585815 9
1761373387158 0.9377788305282593 10
1761373389043 0.905457079410553 11
1761373391021 0.8907127976417542 12
1761373394568 0.8647153973579407 13
1761373396986 0.8463851809501648 14
1761373399315 0.8344113230705261 15
1761373402060 0.8047605156898499 16
1761373404183 0.8028965592384338 17
1761373405830 0.7617081999778748 18
1761373407393 0.7362921237945557 19
1761373408773 0.728230357170105 20
1761373410531 0.7007760405540466 21
1761373411963 0.6707382798194885 22
1761373413418 0.647528886795044 23
1761373414939 0.6554486155509949 24
1761373416395 0.6150165796279907 25
1761373417756 0.6055670380592346 26
1761373419278 0.579338788986206 27
1761373420857 0.5551494359970093 28
1761373422440 0.5287283062934875 29
1761373423965 0.5308558344841003 30
1761373426077 0.5102606415748596 31
1761373427637 0.5123066306114197 32
1761373429509 0.4807779788970947 33
1761373430961 0.4775000810623169 34
1761373432768 0.43997037410736084 35
1761373434493 0.4581875503063202 36
1761373436916 0.4273515045642853 37
1761373438358 0.4141479432582855 38
1761373439947 0.42388099431991577 39
1761373441413 0.3722398579120636 40
1761373443063 0.3774915337562561 41
1761373444828 0.35809123516082764 42
1761373446457 0.3358158767223358 43
1761373448140 0.3498823642730713 44
1761373449596 0.4479745924472809 45
1761373451113 0.33256736397743225 46
1761373452632 0.3121088147163391 47
1761373454369 0.2945193350315094 48
1761373455879 0.3067038059234619 49
1761373366888 1.0647010803222656 0
