1761269422325 0.38427168130874634 0
1761269422554 0.4034852683544159 1
1761269422771 0.4092940092086792 2
1761269422985 0.4030384123325348 3
1761269423181 0.41108131408691406 4
1761269423376 0.4146559536457062 5
1761269423575 0.4012511074542999 6
1761269423779 0.4119749665260315 7
1761269423984 0.4124217927455902 8
1761269424181 0.4119749665260315 9
1761269424376 0.4088471829891205 10
1761269424574 0.41331547498703003 11
1761269424817 0.41644325852394104 12
1761269425027 0.4128686189651489 13
1761269425252 0.4124217927455902 14
1761269425456 0.42225199937820435 15
1761269425662 0.4097408354282379 16
1761269425901 0.42001786828041077 17
1761269426110 0.4124217927455902 18
1761269426306 0.41376230120658875 19
1761269426510 0.4146559536457062 20
1761269426714 0.4092940092086792 21
1761269426917 0.4240393340587616 22
1761269427121 0.4115281403064728 23
1761269427321 0.4159964323043823 24
1761269427519 0.4057193994522095 25
1761269427714 0.4271671175956726 26
1761269427908 0.4240393340587616 27
1761269428121 0.4119749665260315 28
1761269428321 0.41376230120658875 29
1761269428524 0.41689008474349976 30
1761269428725 0.4235925078392029 31
1761269428921 0.4209115207195282 32
1761269429132 0.4124217927455902 33
1761269429330 0.41108131408691406 34
1761269429531 0.4155496060848236 35
1761269429731 0.4088471829891205 36
1761269429936 0.42806077003479004 37
1761269430139 0.4182305634021759 38
1761269430342 0.41957104206085205 39
1761269430541 0.4244861602783203 40
1761269430736 0.4115281403064728 41
1761269430933 0.41331547498703003 42
1761269431132 0.4159964323043823 43
1761269431330 0.4186773896217346 44
1761269431532 0.4155496060848236 45
1761269431738 0.4204646944999695 46
1761269431940 0.41689008474349976 47
1761269432142 0.4244861602783203 48
1761269432351 0.43699732422828674 49
1761269422325 0.38427168130874634 0
