1761269422325 1.0902122259140015 0
1761269422554 1.0827374458312988 1
1761269422771 1.0815632343292236 2
1761269422985 1.0776640176773071 3
1761269423181 1.07687509059906 4
1761269423376 1.077875018119812 5
1761269423575 1.0800633430480957 6
1761269423779 1.0766572952270508 7
1761269423984 1.0780152082443237 8
1761269424181 1.0781147480010986 9
1761269424376 1.0784417390823364 10
1761269424574 1.0772745609283447 11
1761269424817 1.0760122537612915 12
1761269425027 1.0734851360321045 13
1761269425252 1.0743845701217651 14
1761269425456 1.0756436586380005 15
1761269425662 1.07655668258667 16
1761269425901 1.073286533355713 17
1761269426110 1.0732260942459106 18
1761269426306 1.0718748569488525 19
1761269426510 1.0717523097991943 20
1761269426714 1.0737497806549072 21
1761269426917 1.0722593069076538 22
1761269427121 1.0733160972595215 23
1761269427321 1.0718016624450684 24
1761269427519 1.0729379653930664 25
1761269427714 1.0706473588943481 26
1761269427908 1.0702093839645386 27
1761269428121 1.0715796947479248 28
1761269428321 1.069512963294983 29
1761269428524 1.0679898262023926 30
1761269428725 1.0711232423782349 31
1761269428921 1.0689606666564941 32
1761269429132 1.071600079536438 33
1761269429330 1.070906400680542 34
1761269429531 1.0680092573165894 35
1761269429731 1.0684047937393188 36
1761269429936 1.0684607028961182 37
1761269430139 1.068739891052246 38
1761269430342 1.068907380104065 39
1761269430541 1.068518042564392 40
1761269430736 1.0681606531143188 41
1761269430933 1.0688560009002686 42
1761269431132 1.0659235715866089 43
1761269431330 1.0666828155517578 44
1761269431532 1.0678117275238037 45
1761269431738 1.0660640001296997 46
1761269431940 1.0676382780075073 47
1761269432142 1.066267728805542 48
1761269432351 1.06656014919281 49
1761269422325 1.0902122259140015 0
