1761248106154 0.3856121599674225 0
1761248107105 0.4124217927455902 1
1761248108245 0.3945487141609192 2
1761248109190 0.41018766164779663 3
1761248110104 0.4267202913761139 4
1761248110973 0.41957104206085205 5
1761248111593 0.44057193398475647 6
1761248112501 0.44280606508255005 7
1761248113515 0.42180517315864563 8
1761248114467 0.42269882559776306 9
1761248115352 0.43744415044784546 10
1761248116182 0.4535299241542816 11
1761248117211 0.4642537832260132 12
1761248118253 0.45397675037384033 13
1761248119168 0.4557640850543976 14
1761248120115 0.45710456371307373 15
1761248121096 0.4562109112739563 16
1761248121872 0.4705093801021576 17
1761248122685 0.471403032541275 18
1761248123619 0.4825737178325653 19
1761248124486 0.47855228185653687 20
1761248125351 0.4816800653934479 21
1761248126106 0.48033958673477173 22
1761248127034 0.48346737027168274 23
1761248127958 0.48078641295433044 24
1761248128819 0.4995531737804413 25
1761248129699 0.49865952134132385 26
1761248130560 0.5004468560218811 27
1761248131359 0.5049151182174683 28
1761248132166 0.5040214657783508 29
1761248132968 0.5250223278999329 30
1761248133786 0.516979455947876 31
1761248134716 0.5192135572433472 32
1761248135487 0.5218945741653442 33
1761248136416 0.5196604132652283 34
1761248137179 0.5178731083869934 35
1761248137955 0.5330652594566345 36
1761248138517 0.5214477181434631 37
1761248139520 0.5415549874305725 38
1761248140515 0.5245755314826965 39
1761248141393 0.533958911895752 40
1761248142300 0.5348525643348694 41
1761248143168 0.5299374461174011 42
1761248144130 0.533958911895752 43
1761248145063 0.5312779545783997 44
1761248145995 0.5299374461174011 45
1761248146928 0.5576407313346863 46
1761248147847 0.5580875873565674 47
1761248148616 0.5504915118217468 48
1761248149400 0.5580875873565674 49
1761248106154 0.3856121599674225 0
