1761248106154 1.110317349433899 0
1761248107105 1.0847986936569214 1
1761248108245 1.0895986557006836 2
1761248109190 1.0811066627502441 3
1761248110104 1.076605200767517 4
1761248110973 1.0674606561660767 5
1761248111593 1.0637787580490112 6
1761248112501 1.058286190032959 7
1761248113515 1.0622628927230835 8
1761248114467 1.058099627494812 9
1761248115352 1.0522655248641968 10
1761248116182 1.0500762462615967 11
1761248117211 1.0445114374160767 12
1761248118253 1.0504989624023438 13
1761248119168 1.0393482446670532 14
1761248120115 1.0421888828277588 15
1761248121096 1.0376137495040894 16
1761248121872 1.0294026136398315 17
1761248122685 1.032719373703003 18
1761248123619 1.022963047027588 19
1761248124486 1.0219638347625732 20
1761248125351 1.0185219049453735 21
1761248126106 1.0150413513183594 22
1761248127034 1.016080617904663 23
1761248127958 1.0148311853408813 24
1761248128819 1.0093274116516113 25
1761248129699 1.002663016319275 26
1761248130560 0.9982973337173462 27
1761248131359 0.9983801245689392 28
1761248132166 0.9961804747581482 29
1761248132968 0.9870449304580688 30
1761248133786 0.9868860244750977 31
1761248134716 0.9841112494468689 32
1761248135487 0.9837830662727356 33
1761248136416 0.977725088596344 34
1761248137179 0.9786037802696228 35
1761248137955 0.9682297706604004 36
1761248138517 0.9747394919395447 37
1761248139520 0.9589454531669617 38
1761248140515 0.9648935794830322 39
1761248141393 0.9609837532043457 40
1761248142300 0.9589121341705322 41
1761248143168 0.9612155556678772 42
1761248144130 0.948826789855957 43
1761248145063 0.9463395476341248 44
1761248145995 0.9459599256515503 45
1761248146928 0.9329094290733337 46
1761248147847 0.9289336800575256 47
1761248148616 0.9260678291320801 48
1761248149400 0.9212215542793274 49
1761248106154 1.110317349433899 0
