1761375790602 0.38218000531196594 0
1761375791667 0.42062416672706604 1
1761375792638 0.43283581733703613 2
1761375793629 0.45183175802230835 3
1761375794601 0.4726368188858032 4
1761375795428 0.48665761947631836 5
1761375796316 0.5061058402061462 6
1761375797343 0.5183175206184387 7
1761375798136 0.546359121799469 8
1761375799204 0.5431931018829346 9
1761375800065 0.5635458827018738 10
1761375800993 0.5965626239776611 11
1761375801900 0.6006332039833069 12
1761375802747 0.616010844707489 13
1761375803508 0.6282225251197815 14
1761375804357 0.6576209664344788 15
1761375805307 0.6834011673927307 16
1761375806212 0.710085928440094 17
1761375807069 0.7227498888969421 18
1761375808013 0.7200362086296082 19
1761375808965 0.7593848705291748 20
1761375810047 0.7467209696769714 21
1761375810939 0.7557666301727295 22
1761375811691 0.7856173515319824 23
1761375812449 0.7842605113983154 24
1761375813669 0.8018996119499207 25
1761375814552 0.8086838722229004 26
1761375815336 0.813206672668457 27
1761375816203 0.8154681324958801 28
1761375817231 0.8267751932144165 29
1761375818147 0.840343713760376 30
1761375819061 0.836273193359375 31
1761375820084 0.8498417139053345 32
1761375820765 0.8466756939888 33
1761375821474 0.8480325937271118 34
1761375822211 0.8534599542617798 35
1761375823086 0.8679330348968506 36
1761375823775 0.8507462739944458 37
1761375824589 0.8502939939498901 38
1761375825351 0.8679330348968506 39
1761375826415 0.8810492753982544 40
1761375827184 0.871099054813385 41
1761375827820 0.8873812556266785 42
1761375828605 0.8783355951309204 43
1761375829489 0.8733604550361633 44
1761375830452 0.8887381553649902 45
1761375831351 0.8801447153091431 46
1761375832311 0.8597919344902039 47
1761375833299 0.8846675753593445 48
1761375834193 0.9050203561782837 49
1761375790602 0.38218000531196594 0
