1761375790602 1.0884445905685425 0
1761375791667 1.0712463855743408 1
1761375792638 1.0527139902114868 2
1761375793629 1.0346218347549438 3
1761375794601 1.0184677839279175 4
1761375795428 1.0012940168380737 5
1761375796316 0.9863505363464355 6
1761375797343 0.9725663661956787 7
1761375798136 0.9452095031738281 8
1761375799204 0.931683361530304 9
1761375800065 0.909972071647644 10
1761375800993 0.881967306137085 11
1761375801900 0.8609774708747864 12
1761375802747 0.8351353406906128 13
1761375803508 0.8160995244979858 14
1761375804357 0.7855015397071838 15
1761375805307 0.7507403492927551 16
1761375806212 0.7156047821044922 17
1761375807069 0.6945175528526306 18
1761375808013 0.6746147274971008 19
1761375808965 0.6346375942230225 20
1761375810047 0.6223206520080566 21
1761375810939 0.5994608402252197 22
1761375811691 0.5684189796447754 23
1761375812449 0.5537392497062683 24
1761375813669 0.5271187424659729 25
1761375814552 0.5105808973312378 26
1761375815336 0.49150481820106506 27
1761375816203 0.4884776473045349 28
1761375817231 0.4615573287010193 29
1761375818147 0.44373399019241333 30
1761375819061 0.4424631595611572 31
1761375820084 0.41345536708831787 32
1761375820765 0.40736493468284607 33
1761375821474 0.40979325771331787 34
1761375822211 0.39417633414268494 35
1761375823086 0.38447678089141846 36
1761375823775 0.38616374135017395 37
1761375824589 0.37762710452079773 38
1761375825351 0.36351558566093445 39
1761375826415 0.34366175532341003 40
1761375827184 0.3574400544166565 41
1761375827820 0.3316688537597656 42
1761375828605 0.3274863660335541 43
1761375829489 0.3347785472869873 44
1761375830452 0.31326115131378174 45
1761375831351 0.322822630405426 46
1761375832311 0.3550761342048645 47
1761375833299 0.30648601055145264 48
1761375834193 0.28403812646865845 49
1761375790602 1.0884445905685425 0
