1761248403449 0.3708668351173401 0
1761248404137 0.3945487141609192 1
1761248404769 0.39276137948036194 2
1761248405357 0.3865058124065399 3
1761248405844 0.40169793367385864 4
1761248406375 0.4066130518913269 5
1761248406907 0.4151027798652649 6
1761248407588 0.4057193994522095 7
1761248408205 0.4128686189651489 8
1761248408819 0.41108131408691406 9
1761248409451 0.39588919281959534 10
1761248410088 0.41063448786735535 11
1761248410680 0.42269882559776306 12
1761248411224 0.4043789207935333 13
1761248411812 0.4213583469390869 14
1761248412349 0.4177837371826172 15
1761248412900 0.41644325852394104 16
1761248413552 0.3949955403804779 17
1761248414080 0.41689008474349976 18
1761248414593 0.4097408354282379 19
1761248415114 0.41108131408691406 20
1761248415654 0.4209115207195282 21
1761248416304 0.41733691096305847 22
1761248416593 0.4186773896217346 23
1761248417261 0.4151027798652649 24
1761248417855 0.42225199937820435 25
1761248418395 0.42537981271743774 26
1761248419019 0.4267202913761139 27
1761248419632 0.42582663893699646 28
1761248420256 0.4271671175956726 29
1761248420874 0.4361036717891693 30
1761248421397 0.42180517315864563 31
1761248421921 0.4182305634021759 32
1761248422456 0.4262734651565552 33
1761248422984 0.42582663893699646 34
1761248423585 0.43342268466949463 35
1761248424109 0.42806077003479004 36
1761248424632 0.4186773896217346 37
1761248425170 0.4271671175956726 38
1761248425707 0.41108131408691406 39
1761248426246 0.43476319313049316 40
1761248426617 0.4352100193500519 41
1761248427185 0.4128686189651489 42
1761248427724 0.4361036717891693 43
1761248428255 0.4329758584499359 44
1761248428885 0.4244861602783203 45
1761248429497 0.4240393340587616 46
1761248430002 0.42225199937820435 47
1761248430531 0.43074172735214233 48
1761248431069 0.4298480749130249 49
1761248403449 0.3708668351173401 0
