1761248403449 1.1179207563400269 0
1761248404137 1.0847558975219727 1
1761248404769 1.0792442560195923 2
1761248405357 1.0822399854660034 3
1761248405844 1.080182433128357 4
1761248406375 1.0776923894882202 5
1761248406907 1.0762287378311157 6
1761248407588 1.0794906616210938 7
1761248408205 1.0751672983169556 8
1761248408819 1.0763765573501587 9
1761248409451 1.0813109874725342 10
1761248410088 1.0752060413360596 11
1761248410680 1.0745598077774048 12
1761248411224 1.0743186473846436 13
1761248411812 1.0713276863098145 14
1761248412349 1.0750535726547241 15
1761248412900 1.0724409818649292 16
1761248413552 1.0776959657669067 17
1761248414080 1.075394868850708 18
1761248414593 1.0724117755889893 19
1761248415114 1.0753198862075806 20
1761248415654 1.0697275400161743 21
1761248416304 1.0719411373138428 22
1761248416593 1.0698113441467285 23
1761248417261 1.0756030082702637 24
1761248417855 1.0687510967254639 25
1761248418395 1.0719223022460938 26
1761248419019 1.069049596786499 27
1761248419632 1.0697094202041626 28
1761248420256 1.0682286024093628 29
1761248420874 1.0681567192077637 30
1761248421397 1.068779468536377 31
1761248421921 1.0685768127441406 32
1761248422456 1.0665892362594604 33
1761248422984 1.0667427778244019 34
1761248423585 1.0666539669036865 35
1761248424109 1.0671662092208862 36
1761248424632 1.063329815864563 37
1761248425170 1.064832329750061 38
1761248425707 1.0659035444259644 39
1761248426246 1.0639052391052246 40
1761248426617 1.0649302005767822 41
1761248427185 1.0675448179244995 42
1761248427724 1.0656346082687378 43
1761248428255 1.065131664276123 44
1761248428885 1.0637255907058716 45
1761248429497 1.0618641376495361 46
1761248430002 1.0612584352493286 47
1761248430531 1.0618292093276978 48
1761248431069 1.0611696243286133 49
1761248403449 1.1179207563400269 0
