1761268103526 0.4124217927455902 0
1761268103754 0.43118855357170105 1
1761268103956 0.44906166195869446 2
1761268104174 0.45755138993263245 3
1761268104370 0.4772118031978607 4
1761268104574 0.48346737027168274 5
1761268104791 0.4950849115848541 6
1761268104986 0.48436102271080017 7
1761268105187 0.49553173780441284 8
1761268105396 0.5053619146347046 9
1761268105594 0.5129579901695251 10
1761268105796 0.5053619146347046 11
1761268106004 0.5165325999259949 12
1761268106202 0.5236818790435791 13
1761268106404 0.5285969376564026 14
1761268106608 0.540214478969574 15
1761268106808 0.5348525643348694 16
1761268107011 0.537980318069458 17
1761268107214 0.5411081314086914 18
1761268107408 0.5491510033607483 19
1761268107606 0.5540661215782166 20
1761268107808 0.5478105545043945 21
1761268108011 0.569705069065094 22
1761268108213 0.5674709677696228 23
1761268108408 0.5598748922348022 24
1761268108605 0.5683646202087402 25
1761268108806 0.5773011445999146 26
1761268109006 0.5750670433044434 27
1761268109210 0.5777480006217957 28
1761268109410 0.5933869481086731 29
1761268109616 0.580428957939148 30
1761268109817 0.5929401516914368 31
1761268110023 0.5915996432304382 32
1761268110224 0.5844504237174988 33
1761268110420 0.5947274565696716 34
1761268110623 0.5987488627433777 35
1761268110829 0.6000893712043762 36
1761268111029 0.6121537089347839 37
1761268111232 0.6067917943000793 38
1761268111432 0.6143878698348999 39
1761268111635 0.6161751747131348 40
1761268111831 0.5969615578651428 41
1761268112029 0.6201965808868408 42
1761268112231 0.6251116991043091 43
1761268112432 0.6197497844696045 44
1761268112634 0.6251116991043091 45
1761268112837 0.6148346662521362 46
1761268113038 0.6327077746391296 47
1761268113238 0.6282395124435425 48
1761268113438 0.6237712502479553 49
1761268103526 0.4124217927455902 0
