1761268103526 1.0731348991394043 0
1761268103754 1.0528781414031982 1
1761268103956 1.042468786239624 2
1761268104174 1.0351358652114868 3
1761268104370 1.0276219844818115 4
1761268104574 1.0212346315383911 5
1761268104791 1.01698899269104 6
1761268104986 1.0110381841659546 7
1761268105187 1.0092644691467285 8
1761268105396 1.0006344318389893 9
1761268105594 0.9924137592315674 10
1761268105796 0.9847798347473145 11
1761268106004 0.9760453104972839 12
1761268106202 0.9784722924232483 13
1761268106404 0.9674421548843384 14
1761268106608 0.9583465456962585 15
1761268106808 0.9616809487342834 16
1761268107011 0.9517642259597778 17
1761268107214 0.9437588453292847 18
1761268107408 0.9333569407463074 19
1761268107606 0.9289419651031494 20
1761268107808 0.9258614182472229 21
1761268108011 0.9171267151832581 22
1761268108213 0.9140061736106873 23
1761268108408 0.9080183506011963 24
1761268108605 0.8973093628883362 25
1761268108806 0.8979092836380005 26
1761268109006 0.8914565443992615 27
1761268109210 0.8878155946731567 28
1761268109410 0.8804594874382019 29
1761268109616 0.8868252635002136 30
1761268109817 0.8765777349472046 31
1761268110023 0.8694849014282227 32
1761268110224 0.8696426153182983 33
1761268110420 0.8593278527259827 34
1761268110623 0.8564009070396423 35
1761268110829 0.8552457690238953 36
1761268111029 0.8446263670921326 37
1761268111232 0.8423518538475037 38
1761268111432 0.8433924913406372 39
1761268111635 0.840544581413269 40
1761268111831 0.8436919450759888 41
1761268112029 0.8292543888092041 42
1761268112231 0.8191578388214111 43
1761268112432 0.8244737982749939 44
1761268112634 0.8140455484390259 45
1761268112837 0.8184791207313538 46
1761268113038 0.8094856142997742 47
1761268113238 0.8075590133666992 48
1761268113438 0.8044097423553467 49
1761268103526 1.0731348991394043 0
