1761376659015 0.42152872681617737 0
1761376659288 0.45906829833984375 1
1761376659511 0.44323834776878357 2
1761376659744 0.48530077934265137 3
1761376659979 0.48439618945121765 4
1761376660213 0.48665761947631836 5
1761376660471 0.48891904950141907 6
1761376660775 0.5038444399833679 7
1761376661089 0.514246940612793 8
1761376661341 0.5345997214317322 9
1761376661598 0.5355042815208435 10
1761376661846 0.5409317016601562 11
1761376662147 0.5535956621170044 12
1761376662405 0.5513342618942261 13
1761376662629 0.5753052830696106 14
1761376662886 0.5775666832923889 15
1761376663119 0.5820895433425903 16
1761376663376 0.5884215235710144 17
1761376663684 0.5956580638885498 18
1761376663991 0.6313884854316711 19
1761376664375 0.6246042251586914 20
1761376664659 0.639077365398407 21
1761376664893 0.639077365398407 22
1761376665204 0.6440524458885193 23
1761376665441 0.6549072861671448 24
1761376665667 0.673903226852417 25
1761376665929 0.6910899877548218 26
1761376666184 0.6965174078941345 27
1761376666435 0.7123473286628723 28
1761376666686 0.7123473286628723 29
1761376666918 0.7204884886741638 30
1761376667225 0.7367706894874573 31
1761376667568 0.7444595098495483 32
1761376667844 0.7584803104400635 33
1761376668138 0.7580280303955078 34
1761376668400 0.7657168507575989 35
1761376668631 0.7715965509414673 36
1761376668892 0.7869741916656494 37
1761376669151 0.7815468311309814 38
1761376669392 0.7725011110305786 39
1761376669637 0.7928538918495178 40
1761376669943 0.7955676317214966 41
1761376670185 0.7878788113594055 42
1761376670424 0.7933061718940735 43
1761376670740 0.7982813119888306 44
1761376671056 0.8095884323120117 45
1761376671351 0.8136589527130127 46
1761376671596 0.8150158524513245 47
1761376671838 0.8195386528968811 48
1761376672073 0.8172772526741028 49
1761376659015 0.42152872681617737 0
