1761376659015 1.0480483770370483 0
1761376659288 1.0208250284194946 1
1761376659511 1.0236008167266846 2
1761376659744 1.0126346349716187 3
1761376659979 1.013431429862976 4
1761376660213 1.0121065378189087 5
1761376660471 1.0031461715698242 6
1761376660775 1.0024545192718506 7
1761376661089 0.9932499527931213 8
1761376661341 0.9871971607208252 9
1761376661598 0.9812756180763245 10
1761376661846 0.9750409126281738 11
1761376662147 0.9682343602180481 12
1761376662405 0.9623566269874573 13
1761376662629 0.9512902498245239 14
1761376662886 0.9438923597335815 15
1761376663119 0.9402197599411011 16
1761376663376 0.9318572878837585 17
1761376663684 0.9205220937728882 18
1761376663991 0.908757746219635 19
1761376664375 0.8980781435966492 20
1761376664659 0.8859798312187195 21
1761376664893 0.8800801634788513 22
1761376665204 0.869806706905365 23
1761376665441 0.8579776287078857 24
1761376665667 0.8435515761375427 25
1761376665929 0.8260387778282166 26
1761376666184 0.8107887506484985 27
1761376666435 0.7937808036804199 28
1761376666686 0.7804393172264099 29
1761376666918 0.7641609311103821 30
1761376667225 0.746429979801178 31
1761376667568 0.7286770343780518 32
1761376667844 0.7095667123794556 33
1761376668138 0.6959161162376404 34
1761376668400 0.6777472496032715 35
1761376668631 0.6594884991645813 36
1761376668892 0.6422917246818542 37
1761376669151 0.6321645975112915 38
1761376669392 0.6257301568984985 39
1761376669637 0.5986171960830688 40
1761376669943 0.5860400795936584 41
1761376670185 0.5778399705886841 42
1761376670424 0.5686795115470886 43
1761376670740 0.5517812967300415 44
1761376671056 0.5389437079429626 45
1761376671351 0.5267271399497986 46
1761376671596 0.5156257152557373 47
1761376671838 0.5086862444877625 48
1761376672073 0.4967389404773712 49
1761376659015 1.0480483770370483 0
