1761373490378 0.44459521770477295 0
1761373491570 0.4898236095905304 1
1761373492402 0.4776119291782379 2
1761373493409 0.5024875402450562 3
1761373494730 0.5296245813369751 4
1761373496232 0.5558570623397827 5
1761373497517 0.5395748615264893 6
1761373498465 0.6060606241226196 7
1761373499528 0.6558118462562561 8
1761373500573 0.6757123470306396 9
1761373501956 0.6933514475822449 10
1761373502915 0.7159656286239624 11
1761373503732 0.7060153484344482 12
1761373505150 0.7589325904846191 13
1761373506525 0.7630031704902649 14
1761373508170 0.7752148509025574 15
1761373508938 0.8009950518608093 16
1761373510479 0.7942107915878296 17
1761373511968 0.7815468311309814 18
1761373513124 0.840343713760376 19
1761373513980 0.8285843729972839 20
1761373514770 0.838986873626709 21
1761373516152 0.8208954930305481 22
1761373517547 0.8417006134986877 23
1761373518581 0.8439620137214661 24
1761373519504 0.8322026133537292 25
1761373520482 0.8249660730361938 26
1761373521334 0.8670284748077393 27
1761373521996 0.8380823135375977 28
1761373522598 0.8516508340835571 29
1761373523352 0.8815015554428101 30
1761373524033 0.8584350943565369 31
1761373524716 0.8548168540000916 32
1761373525726 0.8819538950920105 33
1761373527175 0.8208954930305481 34
1761373527902 0.8733604550361633 35
1761373529423 0.8923563957214355 36
1761373530289 0.904568076133728 37
1761373531290 0.8548168540000916 38
1761373532287 0.8747172951698303 39
1761373533089 0.8873812556266785 40
1761373534063 0.8828584551811218 41
1761373535319 0.8670284748077393 42
1761373536640 0.9036635160446167 43
1761373538138 0.8878335356712341 44
1761373539010 0.9023066759109497 45
1761373540337 0.8792401552200317 46
1761373541610 0.9145182967185974 47
1761373543002 0.8977838158607483 48
1761373543897 0.8218001127243042 49
1761373490378 0.44459521770477295 0
