1761373490378 1.0689765214920044 0
1761373491570 1.022150993347168 1
1761373492402 1.0107804536819458 2
1761373493409 0.9819203615188599 3
1761373494730 0.9615437984466553 4
1761373496232 0.9106786251068115 5
1761373497517 0.921196699142456 6
1761373498465 0.8313695192337036 7
1761373499528 0.763299286365509 8
1761373500573 0.7364194989204407 9
1761373501956 0.6780902147293091 10
1761373502915 0.6349563002586365 11
1761373503732 0.6350340843200684 12
1761373505150 0.5524451732635498 13
1761373506525 0.5343257784843445 14
1761373508170 0.5180169939994812 15
1761373508938 0.46741557121276855 16
1761373510479 0.49011048674583435 17
1761373511968 0.5032507181167603 18
1761373513124 0.40731415152549744 19
1761373513980 0.40942397713661194 20
1761373514770 0.3975527584552765 21
1761373516152 0.4038717746734619 22
1761373517547 0.3901445269584656 23
1761373518581 0.3538012206554413 24
1761373519504 0.3965378701686859 25
1761373520482 0.4243648648262024 26
1761373521334 0.32220759987831116 27
1761373521996 0.3788529336452484 28
1761373522598 0.3412438631057739 29
1761373523352 0.29679352045059204 30
1761373524033 0.3390052318572998 31
1761373524716 0.3516503870487213 32
1761373525726 0.2792607545852661 33
1761373527175 0.4281107783317566 34
1761373527902 0.3075145184993744 35
1761373529423 0.26489949226379395 36
1761373530289 0.2440369427204132 37
1761373531290 0.3444616496562958 38
1761373532287 0.31388750672340393 39
1761373533089 0.2714526057243347 40
1761373534063 0.2646685242652893 41
1761373535319 0.3035171627998352 42
1761373536640 0.2383509874343872 43
1761373538138 0.26982665061950684 44
1761373539010 0.2415059208869934 45
1761373540337 0.27888694405555725 46
1761373541610 0.2272500842809677 47
1761373543002 0.2603151202201843 48
1761373543897 0.41680973768234253 49
1761373490378 1.0689765214920044 0
