1761269302794 0.40750670433044434 0
1761269303161 0.3945487141609192 1
1761269303443 0.43163537979125977 2
1761269303733 0.43744415044784546 3
1761269304020 0.44280606508255005 4
1761269304311 0.44548705220222473 5
1761269304590 0.448168009519577 6
1761269304872 0.46291330456733704 7
1761269305151 0.471403032541275 8
1761269305447 0.4745308458805084 9
1761269305750 0.4857015311717987 10
1761269306024 0.48659518361091614 11
1761269306317 0.48704200983047485 12
1761269306592 0.4879356622695923 13
1761269306892 0.4973190426826477 14
1761269307173 0.4937444031238556 15
1761269307469 0.5151921510696411 16
1761269307741 0.5120643377304077 17
1761269308023 0.523235023021698 18
1761269308330 0.5388739705085754 19
1761269308609 0.5290437936782837 20
1761269308886 0.5245755314826965 21
1761269309181 0.533958911895752 22
1761269309459 0.5406612753868103 23
1761269309731 0.5406612753868103 24
1761269310021 0.5580875873565674 25
1761269310305 0.5384271740913391 26
1761269310590 0.561215341091156 27
1761269310866 0.5679177641868591 28
1761269311158 0.5773011445999146 29
1761269311427 0.5688114166259766 30
1761269311704 0.5683646202087402 31
1761269311984 0.5844504237174988 32
1761269312275 0.5773011445999146 33
1761269312556 0.5933869481086731 34
1761269312830 0.6032171845436096 35
1761269313105 0.5835567712783813 36
1761269313394 0.5996425151824951 37
1761269313674 0.6072385907173157 38
1761269313956 0.612600564956665 39
1761269314234 0.6215370893478394 40
1761269314530 0.6188561320304871 41
1761269314821 0.6130473613739014 42
1761269315101 0.6277926564216614 43
1761269315376 0.618409276008606 44
1761269315664 0.6385165452957153 45
1761269315945 0.6313672661781311 46
1761269316210 0.6470062732696533 47
1761269316487 0.6398569941520691 48
1761269316765 0.6523681879043579 49
1761269302794 0.40750670433044434 0
