1761269302794 1.0830556154251099 0
1761269303161 1.0742141008377075 1
1761269303443 1.0649000406265259 2
1761269303733 1.0613772869110107 3
1761269304020 1.054458498954773 4
1761269304311 1.051283836364746 5
1761269304590 1.0447514057159424 6
1761269304872 1.0427112579345703 7
1761269305151 1.0343531370162964 8
1761269305447 1.0314632654190063 9
1761269305750 1.0225517749786377 10
1761269306024 1.0183041095733643 11
1761269306317 1.0126862525939941 12
1761269306592 1.0102912187576294 13
1761269306892 1.0025818347930908 14
1761269307173 0.9951732754707336 15
1761269307469 0.9858300089836121 16
1761269307741 0.9816721081733704 17
1761269308023 0.9766701459884644 18
1761269308330 0.9694394469261169 19
1761269308609 0.9720956683158875 20
1761269308886 0.9604303240776062 21
1761269309181 0.9514261484146118 22
1761269309459 0.945408821105957 23
1761269309731 0.9408225417137146 24
1761269310021 0.9338690042495728 25
1761269310305 0.9308876991271973 26
1761269310590 0.9269499182701111 27
1761269310866 0.9220857620239258 28
1761269311158 0.9120035767555237 29
1761269311427 0.9114068150520325 30
1761269311704 0.9106008410453796 31
1761269311984 0.8918035626411438 32
1761269312275 0.9002671837806702 33
1761269312556 0.8780651092529297 34
1761269312830 0.8675524592399597 35
1761269313105 0.8802307844161987 36
1761269313394 0.8629997372627258 37
1761269313674 0.8532103896141052 38
1761269313956 0.8522034287452698 39
1761269314234 0.8463844656944275 40
1761269314530 0.8385742902755737 41
1761269314821 0.8377674221992493 42
1761269315101 0.8218722343444824 43
1761269315376 0.8294000029563904 44
1761269315664 0.8145322799682617 45
1761269315945 0.8107889890670776 46
1761269316210 0.7969993948936462 47
1761269316487 0.7920174598693848 48
1761269316765 0.7815477252006531 49
1761269302794 1.0830556154251099 0
