1761250348778 0.38471850752830505 0
1761250349103 0.3838248550891876 1
1761250349429 0.3941018879413605 2
1761250349731 0.3949955403804779 3
1761250350069 0.40840035676956177 4
1761250350352 0.4092940092086792 5
1761250350639 0.42493298649787903 6
1761250350947 0.4025915861129761 7
1761250351239 0.4039320945739746 8
1761250351524 0.4034852683544159 9
1761250351820 0.4186773896217346 10
1761250352128 0.42180517315864563 11
1761250352422 0.4155496060848236 12
1761250352765 0.41331547498703003 13
1761250353061 0.41420912742614746 14
1761250353384 0.4244861602783203 15
1761250353710 0.41331547498703003 16
1761250354019 0.42225199937820435 17
1761250354352 0.41420912742614746 18
1761250354668 0.4271671175956726 19
1761250354980 0.43074172735214233 20
1761250355276 0.43967828154563904 21
1761250355622 0.4294012486934662 22
1761250355961 0.43163537979125977 23
1761250356285 0.4262734651565552 24
1761250356615 0.4298480749130249 25
1761250356937 0.43342268466949463 26
1761250357236 0.42895442247390747 27
1761250357555 0.44548705220222473 28
1761250357914 0.4320822060108185 29
1761250358195 0.4325290322303772 30
1761250358519 0.43967828154563904 31
1761250358830 0.4329758584499359 32
1761250359164 0.4298480749130249 33
1761250359479 0.43967828154563904 34
1761250359817 0.42850759625434875 35
1761250360113 0.4352100193500519 36
1761250360441 0.4392314553260803 37
1761250360774 0.4410187602043152 38
1761250361085 0.4356568455696106 39
1761250361405 0.44280606508255005 40
1761250361717 0.4445933997631073 41
1761250362070 0.44235923886299133 42
1761250362406 0.43476319313049316 43
1761250362731 0.4414655864238739 44
1761250363051 0.4436997175216675 45
1761250363344 0.4320822060108185 46
1761250363659 0.43744415044784546 47
1761250364002 0.4472743570804596 48
1761250364302 0.4436997175216675 49
1761250348778 0.38471850752830505 0
