1761250348778 1.0956454277038574 0
1761250349103 1.0831634998321533 1
1761250349429 1.0818496942520142 2
1761250349731 1.0790951251983643 3
1761250350069 1.0714294910430908 4
1761250350352 1.07367742061615 5
1761250350639 1.0706114768981934 6
1761250350947 1.070137619972229 7
1761250351239 1.0721796751022339 8
1761250351524 1.0664598941802979 9
1761250351820 1.0648927688598633 10
1761250352128 1.064548373222351 11
1761250352422 1.0642050504684448 12
1761250352765 1.062480092048645 13
1761250353061 1.0662364959716797 14
1761250353384 1.0603049993515015 15
1761250353710 1.061172366142273 16
1761250354019 1.058795690536499 17
1761250354352 1.0584967136383057 18
1761250354668 1.056374430656433 19
1761250354980 1.0586087703704834 20
1761250355276 1.0543460845947266 21
1761250355622 1.0573023557662964 22
1761250355961 1.0550529956817627 23
1761250356285 1.0551161766052246 24
1761250356615 1.052954077720642 25
1761250356937 1.0536582469940186 26
1761250357236 1.0517457723617554 27
1761250357555 1.052794098854065 28
1761250357914 1.0524946451187134 29
1761250358195 1.0531374216079712 30
1761250358519 1.0505242347717285 31
1761250358830 1.0533949136734009 32
1761250359164 1.0497446060180664 33
1761250359479 1.048492431640625 34
1761250359817 1.0487140417099 35
1761250360113 1.0497440099716187 36
1761250360441 1.048240303993225 37
1761250360774 1.0460543632507324 38
1761250361085 1.0458276271820068 39
1761250361405 1.0443307161331177 40
1761250361717 1.0431709289550781 41
1761250362070 1.0451582670211792 42
1761250362406 1.043875813484192 43
1761250362731 1.0430402755737305 44
1761250363051 1.0415751934051514 45
1761250363344 1.046494483947754 46
1761250363659 1.0420717000961304 47
1761250364002 1.0396478176116943 48
1761250364302 1.0398203134536743 49
1761250348778 1.0956454277038574 0
