1761269383031 0.3891867697238922 0
1761269383312 0.4182305634021759 1
1761269383538 0.44861483573913574 2
1761269383738 0.45397675037384033 3
1761269383933 0.45487043261528015 4
1761269384130 0.4526362717151642 5
1761269384332 0.47229668498039246 6
1761269384538 0.45710456371307373 7
1761269384739 0.47810545563697815 8
1761269384942 0.48033958673477173 9
1761269385150 0.47765862941741943 10
1761269385346 0.46604111790657043 11
1761269385543 0.48123323917388916 12
1761269385748 0.48972296714782715 13
1761269385950 0.49910634756088257 14
1761269386148 0.5004468560218811 15
1761269386346 0.5053619146347046 16
1761269386545 0.5129579901695251 17
1761269386746 0.5058087706565857 18
1761269386963 0.5111706852912903 19
1761269387164 0.5178731083869934 20
1761269387367 0.5245755314826965 21
1761269387705 0.5321716070175171 22
1761269387913 0.5277032852172852 23
1761269388119 0.5312779545783997 24
1761269388322 0.531724750995636 25
1761269388526 0.5366398692131042 26
1761269388735 0.5388739705085754 27
1761269388932 0.5446827411651611 28
1761269389127 0.5518320202827454 29
1761269389323 0.5527256727218628 30
1761269389520 0.5415549874305725 31
1761269389722 0.5558534264564514 32
1761269389927 0.5545129776000977 33
1761269390134 0.5563002824783325 34
1761269390338 0.5536193251609802 35
1761269390542 0.55719393491745 36
1761269390745 0.563449501991272 37
1761269390968 0.5558534264564514 38
1761269391172 0.5638963580131531 39
1761269391372 0.5630027055740356 40
1761269391575 0.5710455775260925 41
1761269391778 0.5737265348434448 42
1761269391986 0.5723860859870911 43
1761269392189 0.57193922996521 44
1761269392393 0.5764074921607971 45
1761269392598 0.5732797384262085 46
1761269392800 0.5790884494781494 47
1761269393009 0.5701519250869751 48
1761269393206 0.5777480006217957 49
1761269383031 0.3891867697238922 0
