1761269383031 1.0940145254135132 0
1761269383312 1.067129135131836 1
1761269383538 1.0589873790740967 2
1761269383738 1.0531891584396362 3
1761269383933 1.048010230064392 4
1761269384130 1.0447258949279785 5
1761269384332 1.0366721153259277 6
1761269384538 1.0391590595245361 7
1761269384739 1.0326358079910278 8
1761269384942 1.0244237184524536 9
1761269385150 1.0231739282608032 10
1761269385346 1.0219449996948242 11
1761269385543 1.014303207397461 12
1761269385748 1.009976863861084 13
1761269385950 1.0034867525100708 14
1761269386148 0.9994232654571533 15
1761269386346 0.9976097345352173 16
1761269386545 0.9904463291168213 17
1761269386746 0.9905073046684265 18
1761269386963 0.9887231588363647 19
1761269387164 0.9826406836509705 20
1761269387367 0.9798413515090942 21
1761269387705 0.9718222618103027 22
1761269387913 0.971921980381012 23
1761269388119 0.9653669595718384 24
1761269388322 0.9655051827430725 25
1761269388526 0.9601919651031494 26
1761269388735 0.9573400616645813 27
1761269388932 0.9533695578575134 28
1761269389127 0.9445369839668274 29
1761269389323 0.9406232237815857 30
1761269389520 0.9429064393043518 31
1761269389722 0.9358620047569275 32
1761269389927 0.9347344040870667 33
1761269390134 0.9346361756324768 34
1761269390338 0.9316509962081909 35
1761269390542 0.9268927574157715 36
1761269390745 0.9235023856163025 37
1761269390968 0.9216064214706421 38
1761269391172 0.9201931953430176 39
1761269391372 0.9169668555259705 40
1761269391575 0.9102509021759033 41
1761269391778 0.9099195599555969 42
1761269391986 0.9062118530273438 43
1761269392189 0.9084491729736328 44
1761269392393 0.9025143384933472 45
1761269392598 0.9041550159454346 46
1761269392800 0.8930476903915405 47
1761269393009 0.8952550888061523 48
1761269393206 0.8922425508499146 49
1761269383031 1.0940145254135132 0
