1761248172903 0.3829312026500702 0
1761248174251 0.40214475989341736 1
1761248175589 0.4124217927455902 2
1761248176549 0.41644325852394104 3
1761248177759 0.42225199937820435 4
1761248179077 0.4352100193500519 5
1761248180317 0.43744415044784546 6
1761248181651 0.4276139438152313 7
1761248183048 0.43744415044784546 8
1761248185720 0.44057193398475647 9
1761248186989 0.4499553143978119 10
1761248187861 0.4445933997631073 11
1761248189151 0.46023234724998474 12
1761248190366 0.4647006392478943 13
1761248191616 0.468275249004364 14
1761248192596 0.47229668498039246 15
1761248193793 0.47765862941741943 16
1761248195159 0.49240392446517944 17
1761248196491 0.5040214657783508 18
1761248197817 0.5089365243911743 19
1761248199063 0.5245755314826965 20
1761248200389 0.5210009217262268 21
1761248201641 0.5241286754608154 22
1761248202938 0.5366398692131042 23
1761248203708 0.5460232496261597 24
1761248205074 0.5563002824783325 25
1761248206388 0.5585343837738037 26
1761248207719 0.5643431544303894 27
1761248208799 0.5710455775260925 28
1761248209999 0.5817694664001465 29
1761248211293 0.5978552103042603 30
1761248212627 0.5991957187652588 31
1761248213910 0.5808757543563843 32
1761248214742 0.604110836982727 33
1761248215932 0.6277926564216614 34
1761248217202 0.6260053515434265 35
1761248218488 0.6291331648826599 36
1761248219562 0.6420911550521851 37
1761248220918 0.6425379514694214 38
1761248222177 0.6474530696868896 39
1761248223454 0.6478999257087708 40
1761248224800 0.6662198305130005 41
1761248225757 0.6773905158042908 42
1761248227094 0.6764968633651733 43
1761248228432 0.6840929388999939 44
1761248229726 0.7010723948478699 45
1761248230565 0.6894548535346985 46
1761248231612 0.7042002081871033 47
1761248232942 0.7019660472869873 48
1761248234180 0.7216264605522156 49
1761248172903 0.3829312026500702 0
