1761248172903 1.1202760934829712 0
1761248174251 1.0832901000976562 1
1761248175589 1.0822670459747314 2
1761248176549 1.0742213726043701 3
1761248177759 1.0717777013778687 4
1761248179077 1.068197250366211 5
1761248180317 1.061806082725525 6
1761248181651 1.0625449419021606 7
1761248183048 1.0546894073486328 8
1761248185720 1.0509766340255737 9
1761248186989 1.050788164138794 10
1761248187861 1.0420259237289429 11
1761248189151 1.0395807027816772 12
1761248190366 1.0299047231674194 13
1761248191616 1.0271272659301758 14
1761248192596 1.0205870866775513 15
1761248193793 1.0125550031661987 16
1761248195159 1.0036914348602295 17
1761248196491 0.9945673942565918 18
1761248197817 0.9886425733566284 19
1761248199063 0.9855718016624451 20
1761248200389 0.9765493869781494 21
1761248201641 0.9589366912841797 22
1761248202938 0.9545655250549316 23
1761248203708 0.9401362538337708 24
1761248205074 0.932119607925415 25
1761248206388 0.9212632179260254 26
1761248207719 0.9177674651145935 27
1761248208799 0.9046273231506348 28
1761248209999 0.8936643004417419 29
1761248211293 0.8828980922698975 30
1761248212627 0.8616103529930115 31
1761248213910 0.874961256980896 32
1761248214742 0.8484203815460205 33
1761248215932 0.8283371925354004 34
1761248217202 0.8167127370834351 35
1761248218488 0.8183832764625549 36
1761248219562 0.7887796759605408 37
1761248220918 0.7855360507965088 38
1761248222177 0.7886207699775696 39
1761248223454 0.77834552526474 40
1761248224800 0.7557241320610046 41
1761248225757 0.7389505505561829 42
1761248227094 0.7400053143501282 43
1761248228432 0.7138087153434753 44
1761248229726 0.6885020732879639 45
1761248230565 0.6948966979980469 46
1761248231612 0.6832506060600281 47
1761248232942 0.6827354431152344 48
1761248234180 0.6498697996139526 49
1761248172903 1.1202760934829712 0
