1761268049297 0.37846291065216064 0
1761268049757 0.41108131408691406 1
1761268050195 0.4294012486934662 2
1761268050629 0.43431636691093445 3
1761268051032 0.43699732422828674 4
1761268051447 0.448168009519577 5
1761268051857 0.47184985876083374 6
1761268052261 0.4557640850543976 7
1761268052670 0.4789991080760956 8
1761268053086 0.4848078787326813 9
1761268053482 0.496872216463089 10
1761268053892 0.5138516426086426 11
1761268054305 0.5196604132652283 12
1761268054711 0.540214478969574 13
1761268055128 0.548704206943512 14
1761268055543 0.5688114166259766 15
1761268055953 0.5764074921607971 16
1761268056362 0.5817694664001465 17
1761268056780 0.6103664040565491 18
1761268057190 0.6246649026870728 19
1761268057614 0.6255585551261902 20
1761268058039 0.644325315952301 21
1761268058448 0.6559427976608276 22
1761268058857 0.6653261780738831 23
1761268059263 0.6626452207565308 24
1761268059664 0.6818587779998779 25
1761268060074 0.6952636241912842 26
1761268060493 0.7050938606262207 27
1761268060899 0.7278820276260376 28
1761268061310 0.7149240374565125 29
1761268061716 0.7274352312088013 30
1761268062127 0.7466487884521484 31
1761268062559 0.7412868738174438 32
1761268062957 0.752010703086853 33
1761268063361 0.7613940834999084 34
1761268063778 0.7555853724479675 35
1761268064199 0.7524575591087341 36
1761268064603 0.7618409395217896 37
1761268065006 0.7636282444000244 38
1761268065422 0.7792671918869019 39
1761268065831 0.7680965065956116 40
1761268066242 0.7957997918128967 41
1761268066678 0.8047363758087158 42
1761268067079 0.8083109855651855 43
1761268067497 0.8042895197868347 44
1761268067901 0.8047363758087158 45
1761268068306 0.8016085624694824 46
1761268068714 0.8221626281738281 47
1761268069133 0.8230562806129456 48
1761268069555 0.8150134086608887 49
1761268049297 0.37846291065216064 0
