1761268049297 1.0835236310958862 0
1761268049757 1.0676767826080322 1
1761268050195 1.0563716888427734 2
1761268050629 1.043146014213562 3
1761268051032 1.030383586883545 4
1761268051447 1.0189836025238037 5
1761268051857 1.0037500858306885 6
1761268052261 0.9959748387336731 7
1761268052670 0.993194043636322 8
1761268053086 0.9725533723831177 9
1761268053482 0.9561466574668884 10
1761268053892 0.9441538453102112 11
1761268054305 0.930747389793396 12
1761268054711 0.9187459945678711 13
1761268055128 0.8910683989524841 14
1761268055543 0.8808414340019226 15
1761268055953 0.8700947761535645 16
1761268056362 0.8558177947998047 17
1761268056780 0.8237500786781311 18
1761268057190 0.801055908203125 19
1761268057614 0.7838077545166016 20
1761268058039 0.7595959305763245 21
1761268058448 0.746620237827301 22
1761268058857 0.7227648496627808 23
1761268059263 0.7265636920928955 24
1761268059664 0.7058358788490295 25
1761268060074 0.6819338798522949 26
1761268060493 0.6595138311386108 27
1761268060899 0.6337528824806213 28
1761268061310 0.6339214444160461 29
1761268061716 0.6226864457130432 30
1761268062127 0.6011497378349304 31
1761268062559 0.585479199886322 32
1761268062957 0.5670240521430969 33
1761268063361 0.5532402992248535 34
1761268063778 0.5486007332801819 35
1761268064199 0.5431256890296936 36
1761268064603 0.5434961915016174 37
1761268065006 0.533235490322113 38
1761268065422 0.49109596014022827 39
1761268065831 0.5168895721435547 40
1761268066242 0.47107598185539246 41
1761268066678 0.46361562609672546 42
1761268067079 0.4381827414035797 43
1761268067497 0.4294510781764984 44
1761268067901 0.4528898000717163 45
1761268068306 0.4547969400882721 46
1761268068714 0.4056812524795532 47
1761268069133 0.40232622623443604 48
1761268069555 0.4118441939353943 49
1761268049297 1.0835236310958862 0
