1761248253703 0.35478106141090393 0
1761248254800 0.37801608443260193 1
1761248255759 0.3865058124065399 2
1761248256320 0.3824843466281891 3
1761248257091 0.3798033893108368 4
1761248257913 0.3534405827522278 5
1761248258913 0.3860589861869812 6
1761248259792 0.39946380257606506 7
1761248260693 0.37310099601745605 8
1761248261625 0.39320823550224304 9
1761248262364 0.3856121599674225 10
1761248263190 0.4003574550151825 11
1761248264079 0.4057193994522095 12
1761248264909 0.3949955403804779 13
1761248265760 0.4012511074542999 14
1761248266314 0.4034852683544159 15
1761248267284 0.41018766164779663 16
1761248268239 0.4119749665260315 17
1761248269135 0.4267202913761139 18
1761248270048 0.4231456518173218 19
1761248270942 0.41957104206085205 20
1761248271963 0.4115281403064728 21
1761248272929 0.41733691096305847 22
1761248273771 0.41063448786735535 23
1761248274636 0.41957104206085205 24
1761248275464 0.4271671175956726 25
1761248276277 0.4034852683544159 26
1761248277239 0.41957104206085205 27
1761248278129 0.4244861602783203 28
1761248279092 0.41018766164779663 29
1761248279966 0.40750670433044434 30
1761248280800 0.42537981271743774 31
1761248281814 0.42582663893699646 32
1761248282776 0.42180517315864563 33
1761248283682 0.4182305634021759 34
1761248284517 0.4155496060848236 35
1761248285404 0.42537981271743774 36
1761248286168 0.42225199937820435 37
1761248286734 0.4320822060108185 38
1761248287553 0.42537981271743774 39
1761248288356 0.42850759625434875 40
1761248288975 0.42850759625434875 41
1761248289797 0.4271671175956726 42
1761248290620 0.42225199937820435 43
1761248291411 0.43118855357170105 44
1761248292417 0.4320822060108185 45
1761248293302 0.42537981271743774 46
1761248294152 0.42582663893699646 47
1761248294973 0.4262734651565552 48
1761248295794 0.42895442247390747 49
1761248253703 0.35478106141090393 0
