1761248253703 1.101324200630188 0
1761248254800 1.090480923652649 1
1761248255759 1.0901768207550049 2
1761248256320 1.0867875814437866 3
1761248257091 1.0892579555511475 4
1761248257913 1.0904983282089233 5
1761248258913 1.0836176872253418 6
1761248259792 1.0834360122680664 7
1761248260693 1.0852543115615845 8
1761248261625 1.0831249952316284 9
1761248262364 1.083449125289917 10
1761248263190 1.0838046073913574 11
1761248264079 1.0832794904708862 12
1761248264909 1.081687331199646 13
1761248265760 1.080199956893921 14
1761248266314 1.0806421041488647 15
1761248267284 1.0782889127731323 16
1761248268239 1.0804989337921143 17
1761248269135 1.0763263702392578 18
1761248270048 1.0781885385513306 19
1761248270942 1.0783952474594116 20
1761248271963 1.0765702724456787 21
1761248272929 1.074150562286377 22
1761248273771 1.0796096324920654 23
1761248274636 1.074096441268921 24
1761248275464 1.0750783681869507 25
1761248276277 1.0796825885772705 26
1761248277239 1.0772132873535156 27
1761248278129 1.0762155055999756 28
1761248279092 1.0779210329055786 29
1761248279966 1.0761560201644897 30
1761248280800 1.0753116607666016 31
1761248281814 1.0743364095687866 32
1761248282776 1.0744621753692627 33
1761248283682 1.0746876001358032 34
1761248284517 1.0744396448135376 35
1761248285404 1.0741724967956543 36
1761248286168 1.072290301322937 37
1761248286734 1.0723637342453003 38
1761248287553 1.0721133947372437 39
1761248288356 1.0719449520111084 40
1761248288975 1.073407530784607 41
1761248289797 1.071062684059143 42
1761248290620 1.0712940692901611 43
1761248291411 1.0707242488861084 44
1761248292417 1.0700576305389404 45
1761248293302 1.0708355903625488 46
1761248294152 1.0702574253082275 47
1761248294973 1.070744276046753 48
1761248295794 1.0677342414855957 49
1761248253703 1.101324200630188 0
