1761376637661 0.44685661792755127 0
1761376637936 0.47851651906967163 1
1761376638195 0.4934418797492981 2
1761376638429 0.5074626803398132 3
1761376638669 0.5255540609359741 4
1761376638904 0.5296245813369751 5
1761376639140 0.5409317016601562 6
1761376639375 0.5621890425682068 7
1761376639671 0.5739484429359436 8
1761376639911 0.5965626239776611 9
1761376640144 0.5979194641113281 10
1761376640378 0.6060606241226196 11
1761376640616 0.6363636255264282 12
1761376640846 0.6426956057548523 13
1761376641078 0.682948887348175 14
1761376641351 0.6919945478439331 15
1761376641615 0.7150610685348511 16
1761376641841 0.7327001094818115 17
1761376642071 0.7480778098106384 18
1761376642301 0.7666214108467102 19
1761376642535 0.77702397108078 20
1761376642773 0.7584803104400635 21
1761376643009 0.7801899313926697 22
1761376643241 0.7960199117660522 23
1761376643471 0.805517852306366 24
1761376643706 0.8005427122116089 25
1761376643942 0.8281320929527283 26
1761376644181 0.809136152267456 27
1761376644421 0.8322026133537292 28
1761376644659 0.8245137929916382 29
1761376644894 0.8417006134986877 30
1761376645135 0.8340117335319519 31
1761376645371 0.8484848737716675 32
1761376645646 0.8407959938049316 33
1761376645948 0.8493894338607788 34
1761376646192 0.8557214140892029 35
1761376646439 0.8480325937271118 36
1761376646660 0.8706467747688293 37
1761376646905 0.8511985540390015 38
1761376647135 0.8597919344902039 39
1761376647366 0.8521031141281128 40
1761376647627 0.8796924352645874 41
1761376647869 0.8796924352645874 42
1761376648111 0.8611487746238708 43
1761376648370 0.8507462739944458 44
1761376648592 0.8701944947242737 45
1761376648843 0.8593396544456482 46
1761376649084 0.8801447153091431 47
1761376649327 0.8833107352256775 48
1761376649585 0.8977838158607483 49
1761376637661 0.44685661792755127 0
