1761376637661 1.0367207527160645 0
1761376637936 1.0122689008712769 1
1761376638195 1.0050582885742188 2
1761376638429 0.9924347400665283 3
1761376638669 0.980858325958252 4
1761376638904 0.9709362387657166 5
1761376639140 0.9664942026138306 6
1761376639375 0.9453158378601074 7
1761376639671 0.9277917742729187 8
1761376639911 0.9196897745132446 9
1761376640144 0.901160478591919 10
1761376640378 0.8863027095794678 11
1761376640616 0.8589588403701782 12
1761376640846 0.8406132459640503 13
1761376641078 0.7966933846473694 14
1761376641351 0.7653050422668457 15
1761376641615 0.7301673889160156 16
1761376641841 0.6792530417442322 17
1761376642071 0.642916738986969 18
1761376642301 0.5993064641952515 19
1761376642535 0.5704500675201416 20
1761376642773 0.5756580233573914 21
1761376643009 0.5464639067649841 22
1761376643241 0.5062065124511719 23
1761376643471 0.49621257185935974 24
1761376643706 0.47887471318244934 25
1761376643942 0.4458942413330078 26
1761376644181 0.46568459272384644 27
1761376644421 0.4183993339538574 28
1761376644659 0.4241117835044861 29
1761376644894 0.39457160234451294 30
1761376645135 0.39551082253456116 31
1761376645371 0.3714859187602997 32
1761376645646 0.38220271468162537 33
1761376645948 0.3679178059101105 34
1761376646192 0.3465554714202881 35
1761376646439 0.35802826285362244 36
1761376646660 0.33670976758003235 37
1761376646905 0.3436402678489685 38
1761376647135 0.3376779556274414 39
1761376647366 0.331417053937912 40
1761376647627 0.3056623637676239 41
1761376647869 0.3036186993122101 42
1761376648111 0.32102787494659424 43
1761376648370 0.3425505757331848 44
1761376648592 0.3121531009674072 45
1761376648843 0.32840341329574585 46
1761376649084 0.28722649812698364 47
1761376649327 0.2790713906288147 48
1761376649585 0.26615917682647705 49
1761376637661 1.0367207527160645 0
