1761375197711 0.35911351442337036 0
1761375199489 0.4079602062702179 1
1761375201180 0.4138398766517639 2
1761375202729 0.4332880973815918 3
1761375204316 0.4717322587966919 4
1761375205885 0.4726368188858032 5
1761375207622 0.48801445960998535 6
1761375209203 0.4884667694568634 7
1761375210729 0.5056535601615906 8
1761375212377 0.4993215799331665 9
1761375213910 0.5187698006629944 10
1761375215479 0.5278154611587524 11
1761375217117 0.555404782295227 12
1761375218728 0.5377657413482666 13
1761375220293 0.5594753623008728 14
1761375221952 0.5594753623008728 15
1761375223447 0.5807327032089233 16
1761375224952 0.5920398235321045 17
1761375228492 0.5933966636657715 18
1761375230719 0.6087743043899536 19
1761375233123 0.5920398235321045 20
1761375235394 0.6318408250808716 21
1761375237625 0.6377204656600952 22
1761375239767 0.6377204656600952 23
1761375242085 0.650836706161499 24
1761375244306 0.6693803668022156 25
1761375246539 0.6729986667633057 26
1761375248950 0.6820443272590637 27
1761375251249 0.6888285875320435 28
1761375253441 0.7019448280334473 29
1761375255661 0.7064676880836487 30
1761375258173 0.7042062282562256 31
1761375260357 0.7150610685348511 32
1761375262660 0.7322478294372559 33
1761375265004 0.7440072298049927 34
1761375267389 0.7467209696769714 35
1761375269827 0.7507914900779724 36
1761375272234 0.7625508904457092 37
1761375274537 0.774310290813446 38
1761375276955 0.769335150718689 39
1761375279342 0.7919493317604065 40
1761375281659 0.7774762511253357 41
1761375284109 0.8095884323120117 42
1761375286375 0.8082315921783447 43
1761375288652 0.8294889330863953 44
1761375291140 0.8227046728134155 45
1761375293646 0.8023518919944763 46
1761375296097 0.8417006134986877 47
1761375298468 0.834916353225708 48
1761375300744 0.8480325937271118 49
1761375197711 0.35911351442337036 0
