1761375197711 1.1039619445800781 0
1761375199489 1.0819168090820312 1
1761375201180 1.06859290599823 2
1761375202729 1.0589947700500488 3
1761375204316 1.0346239805221558 4
1761375205885 1.0279977321624756 5
1761375207622 1.0055348873138428 6
1761375209203 1.0049262046813965 7
1761375210729 0.9922530651092529 8
1761375212377 0.9848811626434326 9
1761375213910 0.97199547290802 10
1761375215479 0.9570437073707581 11
1761375217117 0.9332272410392761 12
1761375218728 0.9359815120697021 13
1761375220293 0.9253348112106323 14
1761375221952 0.9311960935592651 15
1761375223447 0.895363986492157 16
1761375224952 0.8844103813171387 17
1761375228492 0.8781434297561646 18
1761375230719 0.8489726781845093 19
1761375233123 0.8586616516113281 20
1761375235394 0.8189167380332947 21
1761375237625 0.8032869696617126 22
1761375239767 0.7961536049842834 23
1761375242085 0.7674726843833923 24
1761375244306 0.7353695034980774 25
1761375246539 0.7314825057983398 26
1761375248950 0.7094598412513733 27
1761375251249 0.7159015536308289 28
1761375253441 0.6843363642692566 29
1761375255661 0.6612758636474609 30
1761375258173 0.685637891292572 31
1761375260357 0.6342273950576782 32
1761375262660 0.60090571641922 33
1761375265004 0.5919710397720337 34
1761375267389 0.5812174677848816 35
1761375269827 0.5916033983230591 36
1761375272234 0.5459278225898743 37
1761375274537 0.5262064933776855 38
1761375276955 0.5462871193885803 39
1761375279342 0.49306491017341614 40
1761375281659 0.5201944708824158 41
1761375284109 0.446227103471756 42
1761375286375 0.4576273560523987 43
1761375288652 0.4209815561771393 44
1761375291140 0.41063421964645386 45
1761375293646 0.46359318494796753 46
1761375296097 0.39431118965148926 47
1761375298468 0.3741573989391327 48
1761375300744 0.355069637298584 49
1761375197711 1.1039619445800781 0
