1761243506780 0.5947274565696716 0
1761243507006 0.6653261780738831 1
1761243507207 0.6849865913391113 2
1761243507428 0.7042002081871033 3
1761243507679 0.6930294632911682 4
1761243507884 0.7019660472869873 5
1761243508079 0.722520112991333 6
1761243508280 0.724754273891449 7
1761243508570 0.737265408039093 8
1761243508788 0.7252010703086853 9
1761243508985 0.7350313067436218 10
1761243509177 0.7448614835739136 11
1761243509370 0.7421805262565613 12
1761243509562 0.7484360933303833 13
1761243509762 0.7390527129173279 14
1761243509962 0.7412868738174438 15
1761243510225 0.7591599822044373 16
1761243510426 0.7453083395957947 17
1761243510630 0.7493297457695007 18
1761243510830 0.7573726773262024 19
1761243511030 0.7533512115478516 20
1761243511238 0.7685433626174927 21
1761243511433 0.7578194737434387 22
1761243511636 0.7587131261825562 23
1761243511833 0.7587131261825562 24
1761243512028 0.7618409395217896 25
1761243512245 0.7636282444000244 26
1761243512491 0.771224319934845 27
1761243512694 0.7573726773262024 28
1761243512899 0.7609472870826721 29
1761243513095 0.771224319934845 30
1761243513288 0.7658624053001404 31
1761243513481 0.7810544967651367 32
1761243513696 0.7649686932563782 33
1761243513915 0.7779267430305481 34
1761243514112 0.7703306674957275 35
1761243514307 0.756479024887085 36
1761243514519 0.7756925821304321 37
1761243514718 0.7801608443260193 38
1761243514931 0.7703306674957275 39
1761243515147 0.7631813883781433 40
1761243515343 0.768990159034729 41
1761243515562 0.7779267430305481 42
1761243515758 0.7694370150566101 43
1761243515953 0.7765862345695496 44
1761243516214 0.7667560577392578 45
1761243516435 0.771224319934845 46
1761243516633 0.7721179723739624 47
1761243516832 0.7721179723739624 48
1761243517034 0.7743520736694336 49
1761243506780 0.5947274565696716 0
