1761243506780 0.9323148131370544 0
1761243507006 0.7463099956512451 1
1761243507207 0.7085233330726624 2
1761243507428 0.6710366606712341 3
1761243507679 0.674769401550293 4
1761243507884 0.642435610294342 5
1761243508079 0.6236106753349304 6
1761243508280 0.6054671406745911 7
1761243508570 0.6010842323303223 8
1761243508788 0.6106275916099548 9
1761243508985 0.5908260345458984 10
1761243509177 0.5708613395690918 11
1761243509370 0.5792251229286194 12
1761243509562 0.5620517134666443 13
1761243509762 0.5694159269332886 14
1761243509962 0.566187858581543 15
1761243510225 0.5444419980049133 16
1761243510426 0.5675728917121887 17
1761243510630 0.554431676864624 18
1761243510830 0.5453341007232666 19
1761243511030 0.554105818271637 20
1761243511238 0.5342302322387695 21
1761243511433 0.5285306572914124 22
1761243511636 0.5406003594398499 23
1761243511833 0.5256926417350769 24
1761243512028 0.5362892746925354 25
1761243512245 0.5236318707466125 26
1761243512491 0.519938051700592 27
1761243512694 0.5311038494110107 28
1761243512899 0.5295231938362122 29
1761243513095 0.506075382232666 30
1761243513288 0.5234993100166321 31
1761243513481 0.500796377658844 32
1761243513696 0.5200643539428711 33
1761243513915 0.5022516846656799 34
1761243514112 0.5113515853881836 35
1761243514307 0.534153938293457 36
1761243514519 0.4972103238105774 37
1761243514718 0.4893031418323517 38
1761243514931 0.5080207586288452 39
1761243515147 0.5154527425765991 40
1761243515343 0.5016262531280518 41
1761243515562 0.5049561858177185 42
1761243515758 0.5001823902130127 43
1761243515953 0.4949873089790344 44
1761243516214 0.5040137767791748 45
1761243516435 0.509438693523407 46
1761243516633 0.50239098072052 47
1761243516832 0.4970840513706207 48
1761243517034 0.503485918045044 49
1761243506780 0.9323148131370544 0
