1761248313141 0.3713136613368988 0
1761248313790 0.39320823550224304 1
1761248314394 0.39633601903915405 2
1761248314932 0.3923145532608032 3
1761248315613 0.39901697635650635 4
1761248316304 0.39857015013694763 5
1761248316717 0.4034852683544159 6
1761248317105 0.40169793367385864 7
1761248317652 0.4146559536457062 8
1761248318005 0.4092940092086792 9
1761248318607 0.39008042216300964 10
1761248319166 0.40527257323265076 11
1761248319754 0.4267202913761139 12
1761248320219 0.4043789207935333 13
1761248320745 0.41733691096305847 14
1761248321304 0.4235925078392029 15
1761248321946 0.40795353055000305 16
1761248322569 0.4235925078392029 17
1761248323154 0.4115281403064728 18
1761248323690 0.4182305634021759 19
1761248324207 0.4151027798652649 20
1761248324750 0.42269882559776306 21
1761248325245 0.4361036717891693 22
1761248325783 0.41733691096305847 23
1761248326316 0.41733691096305847 24
1761248326935 0.42493298649787903 25
1761248327571 0.4392314553260803 26
1761248328151 0.43163537979125977 27
1761248328746 0.44057193398475647 28
1761248329324 0.43342268466949463 29
1761248329944 0.41957104206085205 30
1761248330514 0.4419124126434326 31
1761248330959 0.4419124126434326 32
1761248331582 0.43431636691093445 33
1761248332192 0.4298480749130249 34
1761248332820 0.4276139438152313 35
1761248333519 0.4244861602783203 36
1761248334179 0.4504021406173706 37
1761248334771 0.43431636691093445 38
1761248335467 0.44906166195869446 39
1761248335916 0.44280606508255005 40
1761248336412 0.459785521030426 41
1761248336946 0.4410187602043152 42
1761248337566 0.43744415044784546 43
1761248338182 0.4392314553260803 44
1761248338732 0.44325289130210876 45
1761248339340 0.4495084881782532 46
1761248339917 0.45129579305648804 47
1761248340550 0.4530830979347229 48
1761248341048 0.43431636691093445 49
1761248313141 0.3713136613368988 0
