1761248313141 1.1881169080734253 0
1761248313790 1.0895498991012573 1
1761248314394 1.1268080472946167 2
1761248314932 1.1158349514007568 3
1761248315613 1.0882488489151 4
1761248316304 1.0865000486373901 5
1761248316717 1.0991406440734863 6
1761248317105 1.0933998823165894 7
1761248317652 1.0968236923217773 8
1761248318005 1.08632493019104 9
1761248318607 1.1252493858337402 10
1761248319166 1.096130132675171 11
1761248319754 1.081222414970398 12
1761248320219 1.091821551322937 13
1761248320745 1.0890132188796997 14
1761248321304 1.066900372505188 15
1761248321946 1.0809487104415894 16
1761248322569 1.0762343406677246 17
1761248323154 1.0781304836273193 18
1761248323690 1.0695202350616455 19
1761248324207 1.0771011114120483 20
1761248324750 1.0939998626708984 21
1761248325245 1.0623823404312134 22
1761248325783 1.070495843887329 23
1761248326316 1.0672098398208618 24
1761248326935 1.0666143894195557 25
1761248327571 1.0568715333938599 26
1761248328151 1.0620787143707275 27
1761248328746 1.0610347986221313 28
1761248329324 1.0596309900283813 29
1761248329944 1.072910189628601 30
1761248330514 1.0598074197769165 31
1761248330959 1.0590651035308838 32
1761248331582 1.0651293992996216 33
1761248332192 1.0593918561935425 34
1761248332820 1.063292384147644 35
1761248333519 1.0629992485046387 36
1761248334179 1.0532764196395874 37
1761248334771 1.0692344903945923 38
1761248335467 1.0518337488174438 39
1761248335916 1.0519484281539917 40
1761248336412 1.0601327419281006 41
1761248336946 1.059347152709961 42
1761248337566 1.0599521398544312 43
1761248338182 1.051114559173584 44
1761248338732 1.0528674125671387 45
1761248339340 1.0536388158798218 46
1761248339917 1.0462621450424194 47
1761248340550 1.0511003732681274 48
1761248341048 1.055099368095398 49
1761248313141 1.1881169080734253 0
