1761374929733 0.5020352602005005 0
1761374930389 0.5033921599388123 1
1761374931033 0.5042967200279236 2
1761374931572 0.5061058402061462 3
1761374932148 0.5074626803398132 4
1761374932738 0.5110809803009033 5
1761374933326 0.5110809803009033 6
1761374933951 0.5119855403900146 7
1761374934548 0.5061058402061462 8
1761374935305 0.5097240805625916 9
1761374936719 0.511533260345459 10
1761374937610 0.5133423805236816 11
1761374938494 0.5133423805236816 12
1761374939084 0.5097240805625916 13
1761374939718 0.5196743607521057 14
1761374940381 0.5124378204345703 15
1761374940976 0.5309814810752869 16
1761374941555 0.5146992206573486 17
1761374942199 0.523292601108551 18
1761374942824 0.5318860411643982 19
1761374943492 0.5368611216545105 20
1761374944405 0.5427408218383789 21
1761374945049 0.5526911020278931 22
1761374945803 0.5526911020278931 23
1761374946474 0.5630936026573181 24
1761374947104 0.578471302986145 25
1761374947762 0.5744007229804993 26
1761374948413 0.5992763638496399 27
1761374949061 0.6037991642951965 28
1761374949708 0.6078697443008423 29
1761374950360 0.6354590654373169 30
1761374951019 0.6512889862060547 31
1761374951663 0.6549072861671448 32
1761374952316 0.6680235266685486 33
1761374952960 0.684305727481842 34
1761374953607 0.7159656286239624 35
1761374954196 0.7286295890808105 36
1761374954881 0.7263681888580322 37
1761374955618 0.7440072298049927 38
1761374956226 0.7684305906295776 39
1761374956817 0.77702397108078 40
1761374957415 0.7887833714485168 41
1761374957992 0.7842605113983154 42
1761374958581 0.8181818127632141 43
1761374959158 0.8213478326797485 44
1761374959737 0.8285843729972839 45
1761374960342 0.8326548933982849 46
1761374961011 0.8385345935821533 47
1761374961683 0.8466756939888 48
1761374962377 0.8511985540390015 49
1761374929733 0.5020352602005005 0
