1761374929733 1.041635274887085 0
1761374930389 1.023423194885254 1
1761374931033 1.0183712244033813 2
1761374931572 1.01570463180542 3
1761374932148 1.016955852508545 4
1761374932738 1.013908863067627 5
1761374933326 1.010986089706421 6
1761374933951 1.0092204809188843 7
1761374934548 1.0060052871704102 8
1761374935305 0.9985474348068237 9
1761374936719 0.9967756867408752 10
1761374937610 0.9926426410675049 11
1761374938494 0.983780026435852 12
1761374939084 0.9871616959571838 13
1761374939718 0.9781208634376526 14
1761374940381 0.9717167019844055 15
1761374940976 0.9640982151031494 16
1761374941555 0.9575334191322327 17
1761374942199 0.9492596983909607 18
1761374942824 0.939567506313324 19
1761374943492 0.9360649585723877 20
1761374944405 0.9245182871818542 21
1761374945049 0.9126853942871094 22
1761374945803 0.8999298214912415 23
1761374946474 0.8910598158836365 24
1761374947104 0.8736829161643982 25
1761374947762 0.8732028007507324 26
1761374948413 0.8509489297866821 27
1761374949061 0.8342159986495972 28
1761374949708 0.8231604099273682 29
1761374950360 0.8029594421386719 30
1761374951019 0.7836638689041138 31
1761374951663 0.7692878246307373 32
1761374952316 0.7517871856689453 33
1761374952960 0.7292912602424622 34
1761374953607 0.7061806917190552 35
1761374954196 0.6859528422355652 36
1761374954881 0.6715764403343201 37
1761374955618 0.654000461101532 38
1761374956226 0.6306495666503906 39
1761374956817 0.6094346642494202 40
1761374957415 0.592354416847229 41
1761374957992 0.5859498977661133 42
1761374958581 0.5544844269752502 43
1761374959158 0.5426139831542969 44
1761374959737 0.522765576839447 45
1761374960342 0.5132373571395874 46
1761374961011 0.5001389980316162 47
1761374961683 0.4869382679462433 48
1761374962377 0.47741517424583435 49
1761374929733 1.041635274887085 0
