1761376363644 0.417458176612854 0
1761376365172 0.4310266971588135 1
1761376366637 0.4224332869052887 2
1761376368062 0.4237901270389557 3
1761376369579 0.4115784764289856 4
1761376371235 0.4115784764289856 5
1761376372388 0.43012210726737976 6
1761376373798 0.41203075647354126 7
1761376375041 0.42424243688583374 8
1761376376593 0.42288556694984436 9
1761376377806 0.42198100686073303 10
1761376379044 0.4500226080417633 11
1761376380447 0.420171856880188 12
1761376381755 0.43147897720336914 13
1761376383361 0.41338759660720825 14
1761376384882 0.3993667960166931 15
1761376386464 0.4165535867214203 16
1761376387838 0.4274084270000458 17
1761376389212 0.4246947169303894 18
1761376390754 0.4197195768356323 19
1761376392319 0.40976932644844055 20
1761376394954 0.40841248631477356 21
1761376396282 0.43147897720336914 22
1761376397587 0.41791045665740967 23
1761376398894 0.41203075647354126 24
1761376400307 0.42424243688583374 25
1761376401576 0.41926729679107666 26
1761376403146 0.4233378469944 27
1761376404395 0.42559927701950073 28
1761376405659 0.418815016746521 29
1761376406873 0.417458176612854 30
1761376408229 0.4161013066768646 31
1761376409529 0.4197195768356323 32
1761376410629 0.40388965606689453 33
1761376411978 0.4346449673175812 34
1761376412986 0.42559927701950073 35
1761376414137 0.4124830365180969 36
1761376415200 0.41203075647354126 37
1761376416404 0.42062416672706604 38
1761376417170 0.4391677975654602 39
1761376418068 0.4319312572479248 40
1761376418984 0.4260515570640564 41
1761376419999 0.43645408749580383 42
1761376421019 0.44821348786354065 43
1761376422277 0.46132972836494446 44
1761376423241 0.44369062781333923 45
1761376424228 0.4608774185180664 46
1761376425613 0.4717322587966919 47
1761376426994 0.47218453884124756 48
1761376428321 0.47806423902511597 49
1761376363644 0.417458176612854 0
