1761376363644 1.0443187952041626 0
1761376365172 1.0292881727218628 1
1761376366637 1.0373077392578125 2
1761376368062 1.0325672626495361 3
1761376369579 1.0328736305236816 4
1761376371235 1.0328562259674072 5
1761376372388 1.0296655893325806 6
1761376373798 1.0334829092025757 7
1761376375041 1.0308144092559814 8
1761376376593 1.0273606777191162 9
1761376377806 1.0300968885421753 10
1761376379044 1.0279606580734253 11
1761376380447 1.0277783870697021 12
1761376381755 1.030155897140503 13
1761376383361 1.028093934059143 14
1761376384882 1.0295807123184204 15
1761376386464 1.0298049449920654 16
1761376387838 1.0306919813156128 17
1761376389212 1.0275737047195435 18
1761376390754 1.0314830541610718 19
1761376392319 1.0272771120071411 20
1761376394954 1.030253529548645 21
1761376396282 1.0262808799743652 22
1761376397587 1.027335524559021 23
1761376398894 1.028102159500122 24
1761376400307 1.0280671119689941 25
1761376401576 1.0264737606048584 26
1761376403146 1.028260350227356 27
1761376404395 1.0267409086227417 28
1761376405659 1.0274629592895508 29
1761376406873 1.0279544591903687 30
1761376408229 1.0265800952911377 31
1761376409529 1.0267715454101562 32
1761376410629 1.0284532308578491 33
1761376411978 1.0266915559768677 34
1761376412986 1.028376579284668 35
1761376414137 1.0274852514266968 36
1761376415200 1.0247753858566284 37
1761376416404 1.024517297744751 38
1761376417170 1.0233234167099 39
1761376418068 1.0227543115615845 40
1761376418984 1.026075005531311 41
1761376419999 1.023133635520935 42
1761376421019 1.021201252937317 43
1761376422277 1.017869472503662 44
1761376423241 1.0206172466278076 45
1761376424228 1.0142802000045776 46
1761376425613 1.01370370388031 47
1761376426994 1.0102508068084717 48
1761376428321 1.0083853006362915 49
1761376363644 1.0443187952041626 0
