1761268023041 0.4034852683544159 0
1761268023388 0.42180517315864563 1
1761268023726 0.41957104206085205 2
1761268024008 0.4414655864238739 3
1761268024284 0.43744415044784546 4
1761268024558 0.45531725883483887 5
1761268024849 0.4772118031978607 6
1761268025139 0.47184985876083374 7
1761268025423 0.4857015311717987 8
1761268025704 0.48346737027168274 9
1761268025986 0.4941912293434143 10
1761268026275 0.48748883605003357 11
1761268026552 0.5008936524391174 12
1761268026838 0.5089365243911743 13
1761268027115 0.5236818790435791 14
1761268027408 0.5245755314826965 15
1761268027687 0.5370866656303406 16
1761268027963 0.5495978593826294 17
1761268028241 0.5420017838478088 18
1761268028532 0.5630027055740356 19
1761268028816 0.5665773153305054 20
1761268029098 0.5679177641868591 21
1761268029372 0.5831099152565002 22
1761268029681 0.5822162628173828 23
1761268029963 0.5862377285957336 24
1761268030255 0.5924932956695557 25
1761268030532 0.6045576333999634 26
1761268030832 0.6134942173957825 27
1761268031120 0.6139410138130188 28
1761268031405 0.6139410138130188 29
1761268031689 0.6237712502479553 30
1761268031998 0.6425379514694214 31
1761268032287 0.6394101977348328 32
1761268032560 0.6304736137390137 33
1761268032833 0.6447721123695374 34
1761268033115 0.6532618403434753 35
1761268033457 0.6581769585609436 36
1761268033742 0.6604110598564148 37
1761268034012 0.6608579158782959 38
1761268034292 0.6595174074172974 39
1761268034570 0.6818587779998779 40
1761268034848 0.6787310242652893 41
1761268035123 0.6983914375305176 42
1761268035398 0.6943699717521667 43
1761268035693 0.7033064961433411 44
1761268035965 0.7019660472869873 45
1761268036243 0.7059875130653381 46
1761268036524 0.7019660472869873 47
1761268036827 0.7042002081871033 48
1761268037103 0.7220732569694519 49
1761268023041 0.4034852683544159 0
