1761268023041 1.077277660369873 0
1761268023388 1.0612784624099731 1
1761268023726 1.053737998008728 2
1761268024008 1.04158353805542 3
1761268024284 1.0397000312805176 4
1761268024558 1.0310155153274536 5
1761268024849 1.0191566944122314 6
1761268025139 1.0164803266525269 7
1761268025423 1.0044692754745483 8
1761268025704 0.9955273866653442 9
1761268025986 0.9869969487190247 10
1761268026275 0.9808951616287231 11
1761268026552 0.9718644022941589 12
1761268026838 0.9629853963851929 13
1761268027115 0.946872889995575 14
1761268027408 0.9417991638183594 15
1761268027687 0.9343521595001221 16
1761268027963 0.9266530871391296 17
1761268028241 0.9147294759750366 18
1761268028532 0.8995166420936584 19
1761268028816 0.8924268484115601 20
1761268029098 0.8852838277816772 21
1761268029372 0.8779377937316895 22
1761268029681 0.8790853023529053 23
1761268029963 0.8522722721099854 24
1761268030255 0.8553999662399292 25
1761268030532 0.8324103355407715 26
1761268030832 0.8316627740859985 27
1761268031120 0.8322723507881165 28
1761268031405 0.8212260007858276 29
1761268031689 0.8163005709648132 30
1761268031998 0.7885168790817261 31
1761268032287 0.7783324718475342 32
1761268032560 0.8005523085594177 33
1761268032833 0.773240864276886 34
1761268033115 0.7592760920524597 35
1761268033457 0.7519114017486572 36
1761268033742 0.7428860664367676 37
1761268034012 0.7360473871231079 38
1761268034292 0.7501170635223389 39
1761268034570 0.7190105319023132 40
1761268034848 0.7181617021560669 41
1761268035123 0.7030590772628784 42
1761268035398 0.700934112071991 43
1761268035693 0.6945018172264099 44
1761268035965 0.6838032007217407 45
1761268036243 0.6711581349372864 46
1761268036524 0.6705344915390015 47
1761268036827 0.6714197993278503 48
1761268037103 0.655337929725647 49
1761268023041 1.077277660369873 0
