1761269359113 0.3690795302391052 0
1761269359444 0.3717604875564575 1
1761269359765 0.3717604875564575 2
1761269360068 0.36416444182395935 3
1761269360366 0.3793565630912781 4
1761269360683 0.3766756057739258 5
1761269360979 0.3771224319934845 6
1761269361285 0.3829312026500702 7
1761269361608 0.37220731377601624 8
1761269361894 0.39276137948036194 9
1761269362180 0.3999106287956238 10
1761269362460 0.39857015013694763 11
1761269362787 0.39901697635650635 12
1761269363120 0.39678284525871277 13
1761269363404 0.41733691096305847 14
1761269363695 0.4146559536457062 15
1761269364017 0.4088471829891205 16
1761269364306 0.40840035676956177 17
1761269364590 0.4070598781108856 18
1761269364914 0.41018766164779663 19
1761269365210 0.4070598781108856 20
1761269365500 0.4151027798652649 21
1761269365797 0.4115281403064728 22
1761269366085 0.41689008474349976 23
1761269366389 0.41644325852394104 24
1761269366680 0.42225199937820435 25
1761269366974 0.4119749665260315 26
1761269367258 0.4128686189651489 27
1761269367543 0.41063448786735535 28
1761269367841 0.41912421584129333 29
1761269368124 0.4204646944999695 30
1761269368411 0.4209115207195282 31
1761269368718 0.4213583469390869 32
1761269369009 0.42493298649787903 33
1761269369300 0.4155496060848236 34
1761269369601 0.4092940092086792 35
1761269369907 0.42806077003479004 36
1761269370193 0.42806077003479004 37
1761269370484 0.41912421584129333 38
1761269370783 0.4235925078392029 39
1761269371086 0.4186773896217346 40
1761269371364 0.41733691096305847 41
1761269371652 0.4244861602783203 42
1761269371943 0.43118855357170105 43
1761269372249 0.4235925078392029 44
1761269372532 0.42582663893699646 45
1761269372812 0.42895442247390747 46
1761269373103 0.4262734651565552 47
1761269373399 0.42225199937820435 48
1761269373685 0.4186773896217346 49
1761269359113 0.3690795302391052 0
