1761269359113 1.1015479564666748 0
1761269359444 1.0922390222549438 1
1761269359765 1.0875846147537231 2
1761269360068 1.0927577018737793 3
1761269360366 1.0865490436553955 4
1761269360683 1.0913580656051636 5
1761269360979 1.0858385562896729 6
1761269361285 1.0867184400558472 7
1761269361608 1.0854030847549438 8
1761269361894 1.0825811624526978 9
1761269362180 1.0814474821090698 10
1761269362460 1.0861862897872925 11
1761269362787 1.0831716060638428 12
1761269363120 1.0831408500671387 13
1761269363404 1.0789178609848022 14
1761269363695 1.078345775604248 15
1761269364017 1.0794298648834229 16
1761269364306 1.0770059823989868 17
1761269364590 1.076979637145996 18
1761269364914 1.0762267112731934 19
1761269365210 1.0772126913070679 20
1761269365500 1.078454613685608 21
1761269365797 1.078080177307129 22
1761269366085 1.0755760669708252 23
1761269366389 1.074876308441162 24
1761269366680 1.0769076347351074 25
1761269366974 1.0767306089401245 26
1761269367258 1.0779246091842651 27
1761269367543 1.0759135484695435 28
1761269367841 1.074053168296814 29
1761269368124 1.07305908203125 30
1761269368411 1.0737731456756592 31
1761269368718 1.0726734399795532 32
1761269369009 1.0731925964355469 33
1761269369300 1.0732648372650146 34
1761269369601 1.0786528587341309 35
1761269369907 1.0725812911987305 36
1761269370193 1.0730410814285278 37
1761269370484 1.072606086730957 38
1761269370783 1.0717430114746094 39
1761269371086 1.0720586776733398 40
1761269371364 1.072816014289856 41
1761269371652 1.0714970827102661 42
1761269371943 1.0705609321594238 43
1761269372249 1.072508454322815 44
1761269372532 1.0714695453643799 45
1761269372812 1.0687499046325684 46
1761269373103 1.069461464881897 47
1761269373399 1.0699877738952637 48
1761269373685 1.0700305700302124 49
1761269359113 1.1015479564666748 0
