1761243483771 0.6085790991783142 0
1761243484088 0.6085790991783142 1
1761243484397 0.6085790991783142 2
1761243484684 0.6090258955955505 3
1761243484989 0.6143878698348999 4
1761243485317 0.641644299030304 5
1761243485629 0.6537086963653564 6
1761243485909 0.6621983647346497 7
1761243486206 0.6702412962913513 8
1761243486532 0.6778373718261719 9
1761243486839 0.673815906047821 10
1761243487123 0.6890080571174622 11
1761243487407 0.6764968633651733 12
1761243487695 0.6921358108520508 13
1761243488007 0.6921358108520508 14
1761243488334 0.6840929388999939 15
1761243488640 0.6925826668739319 16
1761243488919 0.6979445815086365 17
1761243489198 0.697050929069519 18
1761243489525 0.7050938606262207 19
1761243489851 0.7086684703826904 20
1761243490136 0.7122430801391602 21
1761243490418 0.7135835289955139 22
1761243490703 0.7091152667999268 23
1761243490986 0.7100089192390442 24
1761243491268 0.7265415787696838 25
1761243491616 0.7274352312088013 26
1761243491924 0.7301161885261536 27
1761243492221 0.7359249591827393 28
1761243492537 0.737265408039093 29
1761243492824 0.7305629849433899 30
1761243493143 0.7453083395957947 31
1761243493450 0.7546916604042053 32
1761243493736 0.7421805262565613 33
1761243494036 0.7439678311347961 34
1761243494350 0.7403932213783264 35
1761243494633 0.7421805262565613 36
1761243494942 0.7524575591087341 37
1761243495251 0.7399463653564453 38
1761243495535 0.7381590604782104 39
1761243495818 0.754244863986969 40
1761243496092 0.7546916604042053 41
1761243496378 0.7448614835739136 42
1761243496678 0.754244863986969 43
1761243496962 0.7582663297653198 44
1761243497277 0.7484360933303833 45
1761243497588 0.747989296913147 46
1761243497891 0.7430741786956787 47
1761243498174 0.754244863986969 48
1761243498491 0.7488829493522644 49
1761243483771 0.6085790991783142 0
