1761243483771 0.9426063299179077 0
1761243484088 0.9348793625831604 1
1761243484397 0.9204085469245911 2
1761243484684 0.8878784775733948 3
1761243484989 0.793775200843811 4
1761243485317 0.744554340839386 5
1761243485629 0.7355936169624329 6
1761243485909 0.7215688824653625 7
1761243486206 0.7174649238586426 8
1761243486532 0.7107710242271423 9
1761243486839 0.7023152112960815 10
1761243487123 0.6988580226898193 11
1761243487407 0.6961272954940796 12
1761243487695 0.6885838508605957 13
1761243488007 0.6840952634811401 14
1761243488334 0.6864073872566223 15
1761243488640 0.6779457926750183 16
1761243488919 0.6769359707832336 17
1761243489198 0.673114001750946 18
1761243489525 0.6648291945457458 19
1761243489851 0.6566241383552551 20
1761243490136 0.6464784145355225 21
1761243490418 0.6436548233032227 22
1761243490703 0.6376038789749146 23
1761243490986 0.6351102590560913 24
1761243491268 0.6308385133743286 25
1761243491616 0.6221656799316406 26
1761243491924 0.6140246391296387 27
1761243492221 0.6027534008026123 28
1761243492537 0.6032121181488037 29
1761243492824 0.5971547961235046 30
1761243493143 0.5896298885345459 31
1761243493450 0.5814386606216431 32
1761243493736 0.583232581615448 33
1761243494036 0.5786365270614624 34
1761243494350 0.5793159008026123 35
1761243494633 0.5782279968261719 36
1761243494942 0.5655110478401184 37
1761243495251 0.5741026997566223 38
1761243495535 0.5846199989318848 39
1761243495818 0.561053454875946 40
1761243496092 0.5518974661827087 41
1761243496378 0.5583727955818176 42
1761243496678 0.5528948903083801 43
1761243496962 0.5560913681983948 44
1761243497277 0.5513796806335449 45
1761243497588 0.557979941368103 46
1761243497891 0.5496293306350708 47
1761243498174 0.5385019183158875 48
1761243498491 0.5480737686157227 49
1761243483771 0.9426063299179077 0
