1761250051488 0.37265416979789734 0
1761250052628 0.4025915861129761 1
1761250053485 0.4276139438152313 2
1761250054442 0.4231456518173218 3
1761250055289 0.43476319313049316 4
1761250056239 0.43118855357170105 5
1761250057194 0.4302949011325836 6
1761250058156 0.43386954069137573 7
1761250059548 0.45487043261528015 8
1761250060530 0.44325289130210876 9
1761250061650 0.46067917346954346 10
1761250062669 0.46023234724998474 11
1761250063681 0.46648794412612915 12
1761250064623 0.46916890144348145 13
1761250065629 0.48391419649124146 14
1761250066516 0.48525470495224 15
1761250067438 0.4888293147087097 16
1761250068481 0.5067024230957031 17
1761250069162 0.5044682621955872 18
1761250069774 0.5058087706565857 19
1761250070770 0.5151921510696411 20
1761250071882 0.5205540657043457 21
1761250072960 0.5312779545783997 22
1761250073957 0.5344057083129883 23
1761250074754 0.5388739705085754 24
1761250075730 0.5442359447479248 25
1761250076691 0.5522788166999817 26
1761250077670 0.5688114166259766 27
1761250078652 0.5603216886520386 28
1761250079709 0.5656836628913879 29
1761250080584 0.5656836628913879 30
1761250081506 0.5898123383522034 31
1761250082424 0.5817694664001465 32
1761250083304 0.5893654823303223 33
1761250084269 0.5996425151824951 34
1761250085180 0.5978552103042603 35
1761250086096 0.6094727516174316 36
1761250087116 0.6108132004737854 37
1761250087592 0.5960679054260254 38
1761250088284 0.6134942173957825 39
1761250089410 0.6072385907173157 40
1761250090147 0.6242180466651917 41
1761250090649 0.6219838857650757 42
1761250091447 0.6322609186172485 43
1761250092295 0.6322609186172485 44
1761250093031 0.6304736137390137 45
1761250093666 0.6429848074913025 46
1761250094407 0.6425379514694214 47
1761250095405 0.6537086963653564 48
1761250096077 0.6425379514694214 49
1761250051488 0.37265416979789734 0
