1761250051488 1.1466370820999146 0
1761250052628 1.0749435424804688 1
1761250053485 1.070989966392517 2
1761250054442 1.066382646560669 3
1761250055289 1.055368185043335 4
1761250056239 1.0545544624328613 5
1761250057194 1.0536887645721436 6
1761250058156 1.0480066537857056 7
1761250059548 1.0336925983428955 8
1761250060530 1.035003662109375 9
1761250061650 1.0216418504714966 10
1761250062669 1.0147883892059326 11
1761250063681 1.0134799480438232 12
1761250064623 1.0061540603637695 13
1761250065629 1.0045287609100342 14
1761250066516 0.9955467581748962 15
1761250067438 0.9813530445098877 16
1761250068481 0.9784835577011108 17
1761250069162 0.9693219661712646 18
1761250069774 0.9602550268173218 19
1761250070770 0.9550713896751404 20
1761250071882 0.9481533765792847 21
1761250072960 0.9377862215042114 22
1761250073957 0.9317914843559265 23
1761250074754 0.9233132004737854 24
1761250075730 0.9113499522209167 25
1761250076691 0.9150425791740417 26
1761250077670 0.9007532596588135 27
1761250078652 0.8928370475769043 28
1761250079709 0.8925521373748779 29
1761250080584 0.8840273022651672 30
1761250081506 0.8719614148139954 31
1761250082424 0.870269775390625 32
1761250083304 0.8565850257873535 33
1761250084269 0.8493819832801819 34
1761250085180 0.8413094878196716 35
1761250086096 0.8449636101722717 36
1761250087116 0.8291646838188171 37
1761250087592 0.8514827489852905 38
1761250088284 0.8326197862625122 39
1761250089410 0.8285678029060364 40
1761250090147 0.8065990209579468 41
1761250090649 0.8041449189186096 42
1761250091447 0.799807608127594 43
1761250092295 0.793067455291748 44
1761250093031 0.7929289937019348 45
1761250093666 0.7855060696601868 46
1761250094407 0.7740816473960876 47
1761250095405 0.7642887234687805 48
1761250096077 0.7751563191413879 49
1761250051488 1.1466370820999146 0
