1761243454615 0.6179624795913696 0
1761243455052 0.6572833061218262 1
1761243455493 0.6872207522392273 2
1761243455910 0.7068811655044556 3
1761243456395 0.7149240374565125 4
1761243456845 0.7493297457695007 5
1761243457263 0.7408400177955627 6
1761243457667 0.7453083395957947 7
1761243458076 0.7555853724479675 8
1761243458513 0.7609472870826721 9
1761243458917 0.7663092017173767 10
1761243459356 0.7734584212303162 11
1761243459762 0.7770330905914307 12
1761243460217 0.7864164710044861 13
1761243460649 0.7828418016433716 14
1761243461083 0.7926720380783081 15
1761243461496 0.7908847332000732 16
1761243461901 0.7890974283218384 17
1761243462298 0.7823950052261353 18
1761243462700 0.7935656905174255 19
1761243463099 0.794459342956543 20
1761243463504 0.8078641891479492 21
1761243463911 0.8074173331260681 22
1761243464314 0.8123324513435364 23
1761243464719 0.8016085624694824 24
1761243465117 0.8056300282478333 25
1761243465562 0.8060768246650696 26
1761243465971 0.8016085624694824 27
1761243466382 0.8163539171218872 28
1761243466783 0.8150134086608887 29
1761243467190 0.8056300282478333 30
1761243467597 0.8172475695610046 31
1761243468066 0.8181412220001221 32
1761243468489 0.8118855953216553 33
1761243468895 0.8203753232955933 34
1761243469300 0.8203753232955933 35
1761243469715 0.809204638004303 36
1761243470121 0.832439661026001 37
1761243470525 0.8194816708564758 38
1761243470927 0.8235031366348267 39
1761243471348 0.8275246024131775 40
1761243471768 0.8297587037086487 41
1761243472176 0.8275246024131775 42
1761243472591 0.8199285268783569 43
1761243472997 0.8315460085868835 44
1761243473401 0.8369079828262329 45
1761243473804 0.840929388999939 46
1761243474205 0.8395889401435852 47
1761243474609 0.8436103463172913 48
1761243475016 0.8436103463172913 49
1761243454615 0.6179624795913696 0
