1761243454615 0.8728934526443481 0
1761243455052 0.730976402759552 1
1761243455493 0.6784989833831787 2
1761243455910 0.6464393734931946 3
1761243456395 0.6004347205162048 4
1761243456845 0.5650294423103333 5
1761243457263 0.566456139087677 6
1761243457667 0.5405662059783936 7
1761243458076 0.5192720890045166 8
1761243458513 0.5187137126922607 9
1761243458917 0.5132765769958496 10
1761243459356 0.5019322633743286 11
1761243459762 0.49050018191337585 12
1761243460217 0.4780173599720001 13
1761243460649 0.47725456953048706 14
1761243461083 0.48153623938560486 15
1761243461496 0.47008055448532104 16
1761243461901 0.4722236692905426 17
1761243462298 0.4600592255592346 18
1761243462700 0.45780855417251587 19
1761243463099 0.4563135504722595 20
1761243463504 0.44236746430397034 21
1761243463911 0.44901716709136963 22
1761243464314 0.4319176971912384 23
1761243464719 0.44283637404441833 24
1761243465117 0.4338168799877167 25
1761243465562 0.4328218400478363 26
1761243465971 0.44119906425476074 27
1761243466382 0.42378467321395874 28
1761243466783 0.4162387251853943 29
1761243467190 0.42509588599205017 30
1761243467597 0.4154055416584015 31
1761243468066 0.41558563709259033 32
1761243468489 0.4218015968799591 33
1761243468895 0.40131905674934387 34
1761243469300 0.41031572222709656 35
1761243469715 0.41497886180877686 36
1761243470121 0.3848958909511566 37
1761243470525 0.39726346731185913 38
1761243470927 0.39625683426856995 39
1761243471348 0.3955833911895752 40
1761243471768 0.38837888836860657 41
1761243472176 0.39444658160209656 42
1761243472591 0.38992801308631897 43
1761243472997 0.3817020654678345 44
1761243473401 0.37249428033828735 45
1761243473804 0.3657856583595276 46
1761243474205 0.3650095760822296 47
1761243474609 0.36130985617637634 48
1761243475016 0.3682126998901367 49
1761243454615 0.8728934526443481 0
