1761375339834 0.3224785029888153 0
1761375341726 0.33378562331199646 1
1761375343434 0.355042964220047 2
1761375345079 0.33514246344566345 3
1761375346729 0.35097241401672363 4
1761375348080 0.3455449938774109 5
1761375349820 0.3346901834011078 6
1761375351347 0.3346901834011078 7
1761375353004 0.34464043378829956 8
1761375354590 0.33514246344566345 9
1761375356187 0.35097241401672363 10
1761375357795 0.3419267237186432 11
1761375359391 0.3441881537437439 12
1761375360930 0.35820895433425903 13
1761375362694 0.34237900376319885 14
1761375364240 0.33649933338165283 15
1761375365688 0.35052013397216797 16
1761375367243 0.35097241401672363 17
1761375368541 0.3478064239025116 18
1761375370122 0.3414744436740875 19
1761375371628 0.3360470235347748 20
1761375373118 0.3464495837688446 21
1761375374774 0.35052013397216797 22
1761375376206 0.36137494444847107 23
1761375377549 0.3645409345626831 24
1761375378997 0.3731343150138855 25
1761375380640 0.35097241401672363 26
1761375382151 0.38082316517829895 27
1761375383572 0.37720489501953125 28
1761375384875 0.3740389049053192 29
1761375386145 0.38218000531196594 30
1761375387404 0.3708729147911072 31
1761375388633 0.37268203496932983 32
1761375389961 0.3708729147911072 33
1761375391183 0.3767526149749756 34
1761375392405 0.3835368752479553 35
1761375393718 0.3753957450389862 36
1761375394964 0.3925825357437134 37
1761375396196 0.40615105628967285 38
1761375397369 0.39167797565460205 39
1761375398671 0.40388965606689453 40
1761375399910 0.4129353165626526 41
1761375401503 0.39167797565460205 42
1761375403192 0.4079602062702179 43
1761375404800 0.4102216064929962 44
1761375406490 0.417458176612854 45
1761375407747 0.42921754717826843 46
1761375408998 0.42559927701950073 47
1761375410225 0.41836273670196533 48
1761375411927 0.43374037742614746 49
1761375339834 0.3224785029888153 0
