1761375339834 1.1278187036514282 0
1761375341726 1.1020818948745728 1
1761375343434 1.1067769527435303 2
1761375345079 1.1037108898162842 3
1761375346729 1.1025408506393433 4
1761375348080 1.1014212369918823 5
1761375349820 1.1049162149429321 6
1761375351347 1.101632833480835 7
1761375353004 1.1031157970428467 8
1761375354590 1.1066304445266724 9
1761375356187 1.0996649265289307 10
1761375357795 1.1007263660430908 11
1761375359391 1.1011924743652344 12
1761375360930 1.1005170345306396 13
1761375362694 1.1005417108535767 14
1761375364240 1.1005693674087524 15
1761375365688 1.100081205368042 16
1761375367243 1.0998378992080688 17
1761375368541 1.0991129875183105 18
1761375370122 1.0989786386489868 19
1761375371628 1.09950852394104 20
1761375373118 1.0985416173934937 21
1761375374774 1.0980603694915771 22
1761375376206 1.0965850353240967 23
1761375377549 1.0962681770324707 24
1761375378997 1.0944677591323853 25
1761375380640 1.0986827611923218 26
1761375382151 1.0928351879119873 27
1761375383572 1.0928679704666138 28
1761375384875 1.092736840248108 29
1761375386145 1.0928964614868164 30
1761375387404 1.0914225578308105 31
1761375388633 1.0916147232055664 32
1761375389961 1.0929218530654907 33
1761375391183 1.0938286781311035 34
1761375392405 1.0890676975250244 35
1761375393718 1.089098572731018 36
1761375394964 1.08786141872406 37
1761375396196 1.086657166481018 38
1761375397369 1.0868029594421387 39
1761375398671 1.0876083374023438 40
1761375399910 1.0856972932815552 41
1761375401503 1.0844814777374268 42
1761375403192 1.081087589263916 43
1761375404800 1.0802801847457886 44
1761375406490 1.074130892753601 45
1761375407747 1.069157361984253 46
1761375408998 1.0651265382766724 47
1761375410225 1.0711884498596191 48
1761375411927 1.067886233329773 49
1761375339834 1.1278187036514282 0
