1761374275402 0.48801445960998535 0
1761374278685 0.510176420211792 1
1761374281246 0.487109899520874 2
1761374284121 0.5174129605293274 3
1761374286524 0.5196743607521057 4
1761374288600 0.5291723012924194 5
1761374290903 0.5345997214317322 6
1761374293142 0.5440977215766907 7
1761374295457 0.549072802066803 8
1761374297921 0.555404782295227 9
1761374300262 0.5639981627464294 10
1761374302570 0.5662596225738525 11
1761374304875 0.5834463834762573 12
1761374307081 0.5933966636657715 13
1761374309502 0.5902306437492371 14
1761374311763 0.6155585646629333 15
1761374314055 0.6155585646629333 16
1761374316287 0.6377204656600952 17
1761374318674 0.6521936058998108 18
1761374320737 0.6598824262619019 19
1761374323158 0.6521936058998108 20
1761374325416 0.684305727481842 21
1761374328022 0.6689280867576599 22
1761374330183 0.6806874871253967 23
1761374332719 0.7014925479888916 24
1761374334841 0.7141565084457397 25
1761374337254 0.7245590090751648 26
1761374339888 0.7313432693481445 27
1761374342142 0.7431026697158813 28
1761374344706 0.7498869299888611 29
1761374347058 0.7639077305793762 30
1761374349278 0.7725011110305786 31
1761374351804 0.7747625708580017 32
1761374354396 0.7942107915878296 33
1761374356547 0.7991858720779419 34
1761374358821 0.8018996119499207 35
1761374361217 0.8050655722618103 36
1761374363480 0.8177295327186584 37
1761374365599 0.8222523927688599 38
1761374368212 0.8281320929527283 39
1761374370297 0.8213478326797485 40
1761374372397 0.8308457732200623 41
1761374374961 0.8385345935821533 42
1761374377476 0.8353686332702637 43
1761374379538 0.8557214140892029 44
1761374382136 0.8647670745849609 45
1761374384514 0.8674807548522949 46
1761374386852 0.8507462739944458 47
1761374389254 0.8720036149024963 48
1761374391499 0.8778833150863647 49
1761374275402 0.48801445960998535 0
