1761374275402 1.0396299362182617 0
1761374278685 1.0056989192962646 1
1761374281246 1.0248441696166992 2
1761374284121 0.990163266658783 3
1761374286524 0.972602367401123 4
1761374288600 0.9618675708770752 5
1761374290903 0.9529345035552979 6
1761374293142 0.9340704083442688 7
1761374295457 0.9389070868492126 8
1761374297921 0.9149225950241089 9
1761374300262 0.9120041728019714 10
1761374302570 0.8990259766578674 11
1761374304875 0.8938784003257751 12
1761374307081 0.8763440847396851 13
1761374309502 0.8574215769767761 14
1761374311763 0.843165934085846 15
1761374314055 0.8438155651092529 16
1761374316287 0.7994637489318848 17
1761374318674 0.7780025601387024 18
1761374320737 0.7633299827575684 19
1761374323158 0.753236711025238 20
1761374325416 0.7288912534713745 21
1761374328022 0.7503095865249634 22
1761374330183 0.7124503254890442 23
1761374332719 0.6753886342048645 24
1761374334841 0.6784889698028564 25
1761374337254 0.6327623128890991 26
1761374339888 0.6155943870544434 27
1761374342142 0.59479820728302 28
1761374344706 0.5970671772956848 29
1761374347058 0.5518696904182434 30
1761374349278 0.5263251066207886 31
1761374351804 0.5146520733833313 32
1761374354396 0.4869629442691803 33
1761374356547 0.4889226257801056 34
1761374358821 0.46972033381462097 35
1761374361217 0.4664684236049652 36
1761374363480 0.42569148540496826 37
1761374365599 0.4080950915813446 38
1761374368212 0.4011695981025696 39
1761374370297 0.4237392544746399 40
1761374372397 0.4089040458202362 41
1761374374961 0.3815746605396271 42
1761374377476 0.37162861227989197 43
1761374379538 0.3317001461982727 44
1761374382136 0.33708998560905457 45
1761374384514 0.3079087734222412 46
1761374386852 0.349409818649292 47
1761374389254 0.29252344369888306 48
1761374391499 0.2892802059650421 49
1761374275402 1.0396299362182617 0
