1761373569919 0.4500226080417633 0
1761373571276 0.47127994894981384 1
1761373572022 0.487109899520874 2
1761373573169 0.510176420211792 3
1761373574311 0.5296245813369751 4
1761373575792 0.5621890425682068 5
1761373576928 0.6092265844345093 6
1761373577741 0.6264134049415588 7
1761373579113 0.6607869863510132 8
1761373580548 0.7014925479888916 9
1761373581931 0.7417458295822144 10
1761373582622 0.6824966073036194 11
1761373583563 0.7562189102172852 12
1761373584904 0.7498869299888611 13
1761373586294 0.7887833714485168 14
1761373587480 0.7878788113594055 15
1761373588226 0.7960199117660522 16
1761373589115 0.8290366530418396 17
1761373590401 0.8005427122116089 18
1761373591627 0.8448665738105774 19
1761373592639 0.7919493317604065 20
1761373593384 0.8141112327575684 21
1761373594425 0.8661239147186279 22
1761373595671 0.872455894947052 23
1761373596773 0.8566259741783142 24
1761373598012 0.8521031141281128 25
1761373598778 0.869742214679718 26
1761373599705 0.8792401552200317 27
1761373601130 0.8742650151252747 28
1761373602511 0.8561736941337585 29
1761373603801 0.8919041156768799 30
1761373604496 0.8249660730361938 31
1761373605561 0.8466756939888 32
1761373606946 0.8534599542617798 33
1761373608317 0.8588873744010925 34
1761373609396 0.8747172951698303 35
1761373610182 0.8561736941337585 36
1761373611579 0.8760741949081421 37
1761373612582 0.8394391536712646 38
1761373613597 0.9149705767631531 39
1761373614597 0.896879255771637 40
1761373615315 0.8919041156768799 41
1761373616699 0.908638596534729 42
1761373617897 0.8891904354095459 43
1761373619087 0.8873812556266785 44
1761373620225 0.8819538950920105 45
1761373621132 0.8303934931755066 46
1761373622318 0.8882858157157898 47
1761373623305 0.8679330348968506 48
1761373624317 0.8905472755432129 49
1761373569919 0.4500226080417633 0
