1761373569919 1.061452031135559 0
1761373571276 1.0278234481811523 1
1761373572022 1.005754828453064 2
1761373573169 0.9747816324234009 3
1761373574311 0.9405543804168701 4
1761373575792 0.8927026391029358 5
1761373576928 0.828912079334259 6
1761373577741 0.7966444492340088 7
1761373579113 0.7657799124717712 8
1761373580548 0.6837685704231262 9
1761373581931 0.6167088150978088 10
1761373582622 0.6788310408592224 11
1761373583563 0.5732593536376953 12
1761373584904 0.5535842776298523 13
1761373586294 0.5034564137458801 14
1761373587480 0.5092532634735107 15
1761373588226 0.4900909960269928 16
1761373589115 0.4235280752182007 17
1761373590401 0.45556384325027466 18
1761373591627 0.38359248638153076 19
1761373592639 0.4592297375202179 20
1761373593384 0.4275064468383789 21
1761373594425 0.34996339678764343 22
1761373595671 0.3314041197299957 23
1761373596773 0.35584738850593567 24
1761373598012 0.37288618087768555 25
1761373598778 0.31951189041137695 26
1761373599705 0.2984480857849121 27
1761373601130 0.31415390968322754 28
1761373602511 0.34344640374183655 29
1761373603801 0.28226304054260254 30
1761373604496 0.41828131675720215 31
1761373605561 0.345268189907074 32
1761373606946 0.330786794424057 33
1761373608317 0.3336549699306488 34
1761373609396 0.3020462989807129 35
1761373610182 0.3371281325817108 36
1761373611579 0.29110777378082275 37
1761373612582 0.3862885534763336 38
1761373613597 0.24318531155586243 39
1761373614597 0.24437156319618225 40
1761373615315 0.26061689853668213 41
1761373616699 0.24046476185321808 42
1761373617897 0.2666037678718567 43
1761373619087 0.27750706672668457 44
1761373620225 0.2816764712333679 45
1761373621132 0.4075928032398224 46
1761373622318 0.26582661271095276 47
1761373623305 0.32440969347953796 48
1761373624317 0.2634168863296509 49
1761373569919 1.061452031135559 0
