1761243426451 0.6300268173217773 0
1761243426789 0.6711349487304688 1
1761243427091 0.684539794921875 2
1761243427363 0.7050938606262207 3
1761243427654 0.7104557752609253 4
1761243427931 0.7274352312088013 5
1761243428228 0.7314566373825073 6
1761243428507 0.7524575591087341 7
1761243428792 0.7359249591827393 8
1761243429065 0.752010703086853 9
1761243429342 0.7618409395217896 10
1761243429618 0.756479024887085 11
1761243429886 0.7613940834999084 12
1761243430153 0.7698838114738464 13
1761243430433 0.7685433626174927 14
1761243430716 0.7703306674957275 15
1761243431004 0.7658624053001404 16
1761243431278 0.7801608443260193 17
1761243431552 0.7730116248130798 18
1761243431852 0.7739052772521973 19
1761243432144 0.7841823101043701 20
1761243432445 0.7792671918869019 21
1761243432726 0.7828418016433716 22
1761243432998 0.7917783856391907 23
1761243433279 0.7868632674217224 24
1761243433595 0.7855227589607239 25
1761243433895 0.7913315296173096 26
1761243434177 0.788203775882721 27
1761243434447 0.7917783856391907 28
1761243434739 0.7949061393737793 29
1761243435025 0.7931188344955444 30
1761243435299 0.7957997918128967 31
1761243435592 0.7913315296173096 32
1761243435869 0.7877569198608398 33
1761243436143 0.8060768246650696 34
1761243436468 0.7984808087348938 35
1761243436737 0.8087578415870667 36
1761243437018 0.7904378771781921 37
1761243437316 0.7953529953956604 38
1761243437591 0.8011617660522461 39
1761243437872 0.7971403002738953 40
1761243438144 0.8087578415870667 41
1761243438453 0.8083109855651855 42
1761243438722 0.7966935038566589 43
1761243439025 0.8038427233695984 44
1761243439334 0.8020554184913635 45
1761243439613 0.8069705367088318 46
1761243439894 0.8069705367088318 47
1761243440166 0.8065236806869507 48
1761243440443 0.8100982904434204 49
1761243426451 0.6300268173217773 0
