1761243426451 0.8352890610694885 0
1761243426789 0.7237097024917603 1
1761243427091 0.6694859862327576 2
1761243427363 0.63489830493927 3
1761243427654 0.6306635737419128 4
1761243427931 0.6010700464248657 5
1761243428228 0.6006205677986145 6
1761243428507 0.5589884519577026 7
1761243428792 0.5772067308425903 8
1761243429065 0.5353034138679504 9
1761243429342 0.5339146852493286 10
1761243429618 0.5342665314674377 11
1761243429886 0.5242725014686584 12
1761243430153 0.5112472772598267 13
1761243430433 0.506658673286438 14
1761243430716 0.5155184864997864 15
1761243431004 0.5094011425971985 16
1761243431278 0.4970174729824066 17
1761243431552 0.5048136115074158 18
1761243431852 0.4921056926250458 19
1761243432144 0.4861786663532257 20
1761243432445 0.4889734089374542 21
1761243432726 0.4821877181529999 22
1761243432998 0.4767848253250122 23
1761243433279 0.4853326380252838 24
1761243433595 0.49148687720298767 25
1761243433895 0.46762245893478394 26
1761243434177 0.47382649779319763 27
1761243434447 0.4644453525543213 28
1761243434739 0.4682677686214447 29
1761243435025 0.4656495451927185 30
1761243435299 0.46218520402908325 31
1761243435592 0.4539051353931427 32
1761243435869 0.45869261026382446 33
1761243436143 0.44824984669685364 34
1761243436468 0.457515150308609 35
1761243436737 0.4451676607131958 36
1761243437018 0.45427659153938293 37
1761243437316 0.4654572606086731 38
1761243437591 0.44407421350479126 39
1761243437872 0.45022454857826233 40
1761243438144 0.44351571798324585 41
1761243438453 0.4378642439842224 42
1761243438722 0.4477487802505493 43
1761243439025 0.43675392866134644 44
1761243439334 0.4383164346218109 45
1761243439613 0.4366450011730194 46
1761243439894 0.43668055534362793 47
1761243440166 0.4319779872894287 48
1761243440443 0.42848074436187744 49
1761243426451 0.8352890610694885 0
