1761269402772 0.4012511074542999 0
1761269403008 0.4387846291065216 1
1761269403239 0.42806077003479004 2
1761269403444 0.4387846291065216 3
1761269403672 0.4530830979347229 4
1761269403878 0.45442360639572144 5
1761269404085 0.46336013078689575 6
1761269404290 0.45710456371307373 7
1761269404498 0.465147465467453 8
1761269404704 0.46336013078689575 9
1761269404910 0.47184985876083374 10
1761269405114 0.4789991080760956 11
1761269405319 0.48704200983047485 12
1761269405526 0.48123323917388916 13
1761269405734 0.4932975769042969 14
1761269405941 0.49285075068473816 15
1761269406146 0.49597856402397156 16
1761269406352 0.49016979336738586 17
1761269406558 0.5008936524391174 18
1761269406756 0.5151921510696411 19
1761269406960 0.5151921510696411 20
1761269407168 0.5102770328521729 21
1761269407512 0.5192135572433472 22
1761269407729 0.5183199048042297 23
1761269407935 0.5361930131912231 24
1761269408138 0.5455763936042786 25
1761269408340 0.5330652594566345 26
1761269408547 0.5406612753868103 27
1761269408753 0.5473636984825134 28
1761269408963 0.5504915118217468 29
1761269409171 0.5594280362129211 30
1761269409388 0.5589812397956848 31
1761269409588 0.5531724691390991 32
1761269409786 0.5554066300392151 33
1761269409987 0.5576407313346863 34
1761269410186 0.5580875873565674 35
1761269410384 0.5661304593086243 36
1761269410589 0.5710455775260925 37
1761269410793 0.5741733908653259 38
1761269410999 0.5688114166259766 39
1761269411203 0.5795353055000305 40
1761269411409 0.5857908725738525 41
1761269411611 0.5701519250869751 42
1761269411819 0.5786416530609131 43
1761269412019 0.5777480006217957 44
1761269412214 0.5755138397216797 45
1761269412413 0.5844504237174988 46
1761269412614 0.5835567712783813 47
1761269412817 0.5933869481086731 48
1761269413022 0.5862377285957336 49
1761269402772 0.4012511074542999 0
