1761269402772 1.0800588130950928 0
1761269403008 1.0662168264389038 1
1761269403239 1.060968041419983 2
1761269403444 1.0536024570465088 3
1761269403672 1.0494003295898438 4
1761269403878 1.045541524887085 5
1761269404085 1.0405216217041016 6
1761269404290 1.0346544981002808 7
1761269404498 1.0301740169525146 8
1761269404704 1.0278559923171997 9
1761269404910 1.0242807865142822 10
1761269405114 1.016997218132019 11
1761269405319 1.0139521360397339 12
1761269405526 1.0092846155166626 13
1761269405734 1.004886507987976 14
1761269405941 1.001680850982666 15
1761269406146 0.9955002069473267 16
1761269406352 0.9934312105178833 17
1761269406558 0.9886868596076965 18
1761269406756 0.9821494817733765 19
1761269406960 0.9760245680809021 20
1761269407168 0.9740378856658936 21
1761269407512 0.9674543738365173 22
1761269407729 0.9755537509918213 23
1761269407935 0.9628007411956787 24
1761269408138 0.9562419652938843 25
1761269408340 0.9543710350990295 26
1761269408547 0.952134370803833 27
1761269408753 0.9462606906890869 28
1761269408963 0.9385603666305542 29
1761269409171 0.9319976568222046 30
1761269409388 0.9293041825294495 31
1761269409588 0.9312810897827148 32
1761269409786 0.9261473417282104 33
1761269409987 0.9238358736038208 34
1761269410186 0.9233585000038147 35
1761269410384 0.9215419292449951 36
1761269410589 0.9088113307952881 37
1761269410793 0.9100965857505798 38
1761269410999 0.9068330526351929 39
1761269411203 0.9066838026046753 40
1761269411409 0.9011685252189636 41
1761269411611 0.8943096995353699 42
1761269411819 0.8903995752334595 43
1761269412019 0.8913415670394897 44
1761269412214 0.8927076458930969 45
1761269412413 0.8834946155548096 46
1761269412614 0.8853653073310852 47
1761269412817 0.8818268775939941 48
1761269413022 0.8753899335861206 49
1761269402772 1.0800588130950928 0
