1761250204683 0.3458445072174072 0
1761250205357 0.37042000889778137 1
1761250206256 0.3565683662891388 2
1761250207002 0.35165324807167053 3
1761250207987 0.36371761560440063 4
1761250209030 0.38784629106521606 5
1761250209930 0.3655049204826355 6
1761250210658 0.3806970417499542 7
1761250211607 0.38695263862609863 8
1761250212605 0.38784629106521606 9
1761250213790 0.38427168130874634 10
1761250214648 0.3775692582130432 11
1761250215514 0.38159069418907166 12
1761250216497 0.4119749665260315 13
1761250217427 0.4012511074542999 14
1761250218365 0.4066130518913269 15
1761250219263 0.3887399435043335 16
1761250220140 0.39588919281959534 17
1761250221085 0.3923145532608032 18
1761250222080 0.4115281403064728 19
1761250222967 0.40750670433044434 20
1761250223899 0.40795353055000305 21
1761250224725 0.4008042812347412 22
1761250225288 0.4008042812347412 23
1761250226351 0.40482574701309204 24
1761250227003 0.41108131408691406 25
1761250227675 0.4146559536457062 26
1761250228307 0.40840035676956177 27
1761250229180 0.4008042812347412 28
1761250230083 0.4124217927455902 29
1761250231007 0.40482574701309204 30
1761250231973 0.4128686189651489 31
1761250232594 0.42001786828041077 32
1761250233433 0.4151027798652649 33
1761250234267 0.41376230120658875 34
1761250234963 0.40750670433044434 35
1761250235875 0.41957104206085205 36
1761250236772 0.40214475989341736 37
1761250237325 0.4124217927455902 38
1761250238115 0.41063448786735535 39
1761250239222 0.4159964323043823 40
1761250239828 0.4235925078392029 41
1761250240657 0.4159964323043823 42
1761250241296 0.41912421584129333 43
1761250242128 0.4115281403064728 44
1761250242966 0.4204646944999695 45
1761250243872 0.4186773896217346 46
1761250244906 0.4204646944999695 47
1761250245694 0.4159964323043823 48
1761250246746 0.4204646944999695 49
1761250204683 0.3458445072174072 0
