1761250204683 1.1003257036209106 0
1761250205357 1.091060757637024 1
1761250206256 1.0928757190704346 2
1761250207002 1.0909618139266968 3
1761250207987 1.0869672298431396 4
1761250209030 1.0855685472488403 5
1761250209930 1.0916582345962524 6
1761250210658 1.0892038345336914 7
1761250211607 1.0836962461471558 8
1761250212605 1.084162712097168 9
1761250213790 1.084954857826233 10
1761250214648 1.0852009057998657 11
1761250215514 1.0796539783477783 12
1761250216497 1.077062964439392 13
1761250217427 1.074498176574707 14
1761250218365 1.078132152557373 15
1761250219263 1.0768547058105469 16
1761250220140 1.0717674493789673 17
1761250221085 1.0737396478652954 18
1761250222080 1.0715922117233276 19
1761250222967 1.0702165365219116 20
1761250223899 1.0727952718734741 21
1761250224725 1.0728894472122192 22
1761250225288 1.0711976289749146 23
1761250226351 1.0711508989334106 24
1761250227003 1.0729594230651855 25
1761250227675 1.0687241554260254 26
1761250228307 1.069820523262024 27
1761250229180 1.0691649913787842 28
1761250230083 1.0695141553878784 29
1761250231007 1.0697375535964966 30
1761250231973 1.069014072418213 31
1761250232594 1.0667833089828491 32
1761250233433 1.0656059980392456 33
1761250234267 1.0709153413772583 34
1761250234963 1.0658793449401855 35
1761250235875 1.0659955739974976 36
1761250236772 1.0671566724777222 37
1761250237325 1.0678561925888062 38
1761250238115 1.0642850399017334 39
1761250239222 1.0667682886123657 40
1761250239828 1.0638517141342163 41
1761250240657 1.0682064294815063 42
1761250241296 1.0660959482192993 43
1761250242128 1.065488576889038 44
1761250242966 1.064319133758545 45
1761250243872 1.0644656419754028 46
1761250244906 1.0633240938186646 47
1761250245694 1.0628920793533325 48
1761250246746 1.0632845163345337 49
1761250204683 1.1003257036209106 0
