1761250309261 0.36371761560440063 0
1761250309907 0.4003574550151825 1
1761250310454 0.4092940092086792 2
1761250311012 0.4025915861129761 3
1761250311620 0.4034852683544159 4
1761250311946 0.4124217927455902 5
1761250312402 0.43699732422828674 6
1761250312758 0.4298480749130249 7
1761250313311 0.42001786828041077 8
1761250313878 0.43342268466949463 9
1761250314525 0.4262734651565552 10
1761250315204 0.43967828154563904 11
1761250315752 0.44235923886299133 12
1761250316334 0.4320822060108185 13
1761250316936 0.44593387842178345 14
1761250317463 0.4325290322303772 15
1761250317999 0.44593387842178345 16
1761250318548 0.43431636691093445 17
1761250319177 0.448168009519577 18
1761250319768 0.4410187602043152 19
1761250320391 0.4410187602043152 20
1761250321027 0.44280606508255005 21
1761250321723 0.4530830979347229 22
1761250322091 0.4504021406173706 23
1761250322869 0.4477211833000183 24
1761250323585 0.45218944549560547 25
1761250324322 0.4584450423717499 26
1761250325038 0.4530830979347229 27
1761250325749 0.4611259996891022 28
1761250326480 0.45487043261528015 29
1761250327132 0.4615728259086609 30
1761250327774 0.45710456371307373 31
1761250328436 0.47274351119995117 32
1761250329089 0.4562109112739563 33
1761250329676 0.465147465467453 34
1761250330268 0.47855228185653687 35
1761250330854 0.468275249004364 36
1761250331401 0.49240392446517944 37
1761250331936 0.4731903374195099 38
1761250332389 0.4647006392478943 39
1761250332644 0.47542449831962585 40
1761250332930 0.48436102271080017 41
1761250333241 0.4825737178325653 42
1761250333736 0.48436102271080017 43
1761250334074 0.4848078787326813 44
1761250334622 0.49553173780441284 45
1761250335162 0.4816800653934479 46
1761250335716 0.4950849115848541 47
1761250336272 0.4888293147087097 48
1761250336937 0.4861483573913574 49
1761250309261 0.36371761560440063 0
