1761250309261 1.100602149963379 0
1761250309907 1.0800179243087769 1
1761250310454 1.0709987878799438 2
1761250311012 1.0684095621109009 3
1761250311620 1.0687763690948486 4
1761250311946 1.064940333366394 5
1761250312402 1.0587846040725708 6
1761250312758 1.0581254959106445 7
1761250313311 1.0559732913970947 8
1761250313878 1.0556493997573853 9
1761250314525 1.0511119365692139 10
1761250315204 1.0518214702606201 11
1761250315752 1.0504897832870483 12
1761250316334 1.050870418548584 13
1761250316936 1.0433253049850464 14
1761250317463 1.049723505973816 15
1761250317999 1.0469334125518799 16
1761250318548 1.0426182746887207 17
1761250319177 1.0401406288146973 18
1761250319768 1.0368256568908691 19
1761250320391 1.0422732830047607 20
1761250321027 1.034438133239746 21
1761250321723 1.035212516784668 22
1761250322091 1.0335456132888794 23
1761250322869 1.0318387746810913 24
1761250323585 1.0306462049484253 25
1761250324322 1.0316356420516968 26
1761250325038 1.0243088006973267 27
1761250325749 1.020863652229309 28
1761250326480 1.0216155052185059 29
1761250327132 1.0247641801834106 30
1761250327774 1.0196523666381836 31
1761250328436 1.0139092206954956 32
1761250329089 1.015440583229065 33
1761250329676 1.0122995376586914 34
1761250330268 1.0059565305709839 35
1761250330854 1.0138317346572876 36
1761250331401 1.0075769424438477 37
1761250331936 1.0087230205535889 38
1761250332389 1.0082377195358276 39
1761250332644 1.0023741722106934 40
1761250332930 1.001585602760315 41
1761250333241 0.9976860284805298 42
1761250333736 0.9939932227134705 43
1761250334074 0.9912369847297668 44
1761250334622 0.9898845553398132 45
1761250335162 0.9863320589065552 46
1761250335716 0.9879822134971619 47
1761250336272 0.9916621446609497 48
1761250336937 0.9830561280250549 49
1761250309261 1.100602149963379 0
