1761248357691 0.3628239631652832 0
1761248358424 0.38695263862609863 1
1761248359044 0.3999106287956238 2
1761248359729 0.41018766164779663 3
1761248360339 0.3891867697238922 4
1761248360952 0.4092940092086792 5
1761248361581 0.3972296714782715 6
1761248362288 0.4070598781108856 7
1761248362884 0.42001786828041077 8
1761248363466 0.42582663893699646 9
1761248364005 0.4186773896217346 10
1761248364640 0.42225199937820435 11
1761248365145 0.42001786828041077 12
1761248365675 0.4204646944999695 13
1761248366083 0.42850759625434875 14
1761248366590 0.42180517315864563 15
1761248367220 0.4320822060108185 16
1761248367857 0.4235925078392029 17
1761248368446 0.42806077003479004 18
1761248368951 0.42895442247390747 19
1761248369495 0.43118855357170105 20
1761248370018 0.4262734651565552 21
1761248370564 0.4329758584499359 22
1761248371188 0.4352100193500519 23
1761248371788 0.43476319313049316 24
1761248372368 0.43967828154563904 25
1761248372973 0.4383378028869629 26
1761248373586 0.43699732422828674 27
1761248374349 0.4419124126434326 28
1761248374920 0.4410187602043152 29
1761248375248 0.4383378028869629 30
1761248375798 0.4392314553260803 31
1761248376378 0.43967828154563904 32
1761248376907 0.44012510776519775 33
1761248377286 0.436550498008728 34
1761248377678 0.4530830979347229 35
1761248378275 0.45174261927604675 36
1761248379013 0.45487043261528015 37
1761248379689 0.45129579305648804 38
1761248380316 0.4508489668369293 39
1761248380860 0.46336013078689575 40
1761248381419 0.44861483573913574 41
1761248382030 0.44593387842178345 42
1761248382626 0.4588918685913086 43
1761248383212 0.456657737493515 44
1761248383922 0.4624664783477783 45
1761248384247 0.45129579305648804 46
1761248384691 0.47274351119995117 47
1761248385361 0.4588918685913086 48
1761248385962 0.45755138993263245 49
1761248357691 0.3628239631652832 0
