1761248357691 1.1298807859420776 0
1761248358424 1.1014306545257568 1
1761248359044 1.086526870727539 2
1761248359729 1.092262625694275 3
1761248360339 1.097522258758545 4
1761248360952 1.0865033864974976 5
1761248361581 1.0897843837738037 6
1761248362288 1.0770299434661865 7
1761248362884 1.0750380754470825 8
1761248363466 1.0787665843963623 9
1761248364005 1.0738160610198975 10
1761248364640 1.0767548084259033 11
1761248365145 1.0723559856414795 12
1761248365675 1.0690730810165405 13
1761248366083 1.0683794021606445 14
1761248366590 1.0718244314193726 15
1761248367220 1.0688648223876953 16
1761248367857 1.0685601234436035 17
1761248368446 1.0769546031951904 18
1761248368951 1.0698081254959106 19
1761248369495 1.0636261701583862 20
1761248370018 1.071029543876648 21
1761248370564 1.06355881690979 22
1761248371188 1.0596024990081787 23
1761248371788 1.0594656467437744 24
1761248372368 1.0560595989227295 25
1761248372973 1.0586923360824585 26
1761248373586 1.054629921913147 27
1761248374349 1.0524060726165771 28
1761248374920 1.054731845855713 29
1761248375248 1.0517240762710571 30
1761248375798 1.0557743310928345 31
1761248376378 1.0554077625274658 32
1761248376907 1.0518953800201416 33
1761248377286 1.0486189126968384 34
1761248377678 1.0486153364181519 35
1761248378275 1.045546054840088 36
1761248379013 1.0480859279632568 37
1761248379689 1.0423829555511475 38
1761248380316 1.0439364910125732 39
1761248380860 1.046449065208435 40
1761248381419 1.0508359670639038 41
1761248382030 1.0446257591247559 42
1761248382626 1.0391082763671875 43
1761248383212 1.039033055305481 44
1761248383922 1.0388083457946777 45
1761248384247 1.040624737739563 46
1761248384691 1.0347094535827637 47
1761248385361 1.0369187593460083 48
1761248385962 1.0326122045516968 49
1761248357691 1.1298807859420776 0
